       -0.00001
        0.00000
       -0.00000
        0.00002
        0.00041
        0.00476
        0.03033
        0.12144
        0.33618
        0.69316
        1.12634
        1.50320
        1.69280
        1.62554
        1.30885
        0.80568
        0.20050
       -0.42785
       -1.02025
       -1.54036
       -1.97142
       -2.31067
       -2.56409
       -2.74209
       -2.85670
       -2.91976
       -2.94199
       -2.93266
       -2.89943
       -2.84852
       -2.78486
       -2.71233
       -2.63390
       -2.55185
       -2.46791
       -2.38338
       -2.29919
       -2.21606
       -2.13449
       -2.05481
       -1.97729
       -1.90206
       -1.82922
       -1.75881
       -1.69085
       -1.62530
       -1.56214
       -1.50132
       -1.44277
       -1.38645
       -1.33227
       -1.28017
       -1.23008
       -1.18193
       -1.13564
       -1.09116
       -1.04841
       -1.00732
       -0.96785
       -0.92991
       -0.89346
       -0.85843
       -0.82478
       -0.79244
       -0.76137
       -0.73152
       -0.70284
       -0.67528
       -0.64880
       -0.62336
       -0.59892
       -0.57543
       -0.55287
       -0.53119
       -0.51036
       -0.49035
       -0.47112
       -0.45264
       -0.43489
       -0.41784
       -0.40145
       -0.38571
       -0.37058
       -0.35605
       -0.34209
       -0.32867
       -0.31578
       -0.30340
       -0.29150
       -0.28006
       -0.26908
       -0.25853
       -0.24839
       -0.23864
       -0.22928
       -0.22029
       -0.21165
       -0.20334
       -0.19537
       -0.18770
       -0.18034
       -0.17326
       -0.16646
       -0.15993
       -0.15365
       -0.14762
       -0.14183
       -0.13626
       -0.13091
       -0.12577
       -0.12083
       -0.11609
       -0.11153
       -0.10715
       -0.10294
       -0.09889
       -0.09501
       -0.09127
       -0.08768
       -0.08424
       -0.08092
       -0.07774
       -0.07468
       -0.07174
       -0.06891
       -0.06620
       -0.06359
       -0.06108
       -0.05867
       -0.05636
       -0.05413
       -0.05199
       -0.04994
       -0.04796
       -0.04606
       -0.04424
       -0.04248
       -0.04080
       -0.03918
       -0.03762
       -0.03612
       -0.03468
       -0.03329
       -0.03196
       -0.03068
       -0.02945
       -0.02827
       -0.02713
       -0.02603
       -0.02498
       -0.02396
       -0.02299
       -0.02205
       -0.02115
       -0.02028
       -0.01944
       -0.01863
       -0.01786
       -0.01711
       -0.01639
       -0.01569
       -0.01502
       -0.01438
       -0.01376
       -0.01316
       -0.01258
       -0.01202
       -0.01148
       -0.01096
       -0.01045
       -0.00997
       -0.00950
       -0.00904
       -0.00860
       -0.00817
       -0.00776
       -0.00735
       -0.00696
       -0.00658
       -0.00622
       -0.00586
       -0.00551
       -0.00517
       -0.00483
       -0.00451
       -0.00419
       -0.00388
       -0.00358
       -0.00328
       -0.00299
       -0.00270
       -0.00241
       -0.00213
       -0.00186
       -0.00158
       -0.00131
       -0.00104
       -0.00077
       -0.00051
       -0.00024
