   1      133.33333
   2       18.98377
   3        7.10835
   4       -2.24259
   5       -4.98169
   6       -1.95607
   7        1.98033
   8        2.79232
   9        0.51803
  10       -1.79501
  11       -1.73676
  12        0.17718
  13        1.58021
  14        1.04247
  15       -0.56340
  16       -1.33317
  17       -0.52812
  18        0.77032
  19        1.06369
  20        0.13379
  21       -0.85354
  22       -0.78488
  23        0.16416
  24        0.84485
  25        0.51061
  26       -0.37704
  27       -0.76733
  28       -0.25416
  29        0.51244
  30        0.64056
  31        0.02723
  32       -0.57772
  33       -0.48242
  34        0.16082
  35        0.58146
  36        0.30947
  37       -0.30356
  38       -0.53384
  39       -0.13672
  40        0.39772
  41        0.44642
  42       -0.02280
  43       -0.44333
  44       -0.33172
  45        0.15856
  46        0.44353
  47        0.20250
  48       -0.26289
  49       -0.40417
  50       -0.07101
  51        0.33120
  52        0.33326
  53       -0.05167
  54       -0.36207
  55       -0.24030
  56        0.15633
  57        0.35704
  58        0.13547
  59       -0.23606
  60       -0.32029
  61       -0.02887
  62        0.28661
  63        0.25810
  64       -0.07019
  65       -0.30643
  66       -0.17823
  67        0.15387
  68        0.29663
  69        0.08920
  70       -0.21628
  71       -0.26066
  72        0.00043
  73        0.25377
  74        0.20387
  75       -0.08276
  76       -0.26508
  77       -0.13293
  78        0.15111
  79        0.25127
  80        0.05521
  81       -0.20049
  82       -0.21547
  83        0.02189
  84        0.22792
  85        0.16245
  86       -0.09153
  87       -0.23251
  88       -0.09816
  89        0.14801
  90        0.21541
  91        0.02913
  92       -0.18716
  93       -0.17959
  94        0.03813
  95        0.20656
  96        0.12949
  97       -0.09767
  98       -0.20572
  99       -0.07051
 100        0.14459
 101        0.18593
 102        0.00853
 103       -0.17540
 104       -0.15013
 105        0.05067
 106        0.18823
 107        0.10247
 108       -0.10186
 109       -0.18294
 110       -0.04795
 111        0.14083
 112        0.16099
 113       -0.00809
 114       -0.16469
 115       -0.12529
 116        0.06046
 117        0.17205
 118        0.07980
 119       -0.10455
 120       -0.16307
 121       -0.02917
 122        0.13676
 123        0.13940
 124       -0.02169
 125       -0.15471
 126       -0.10392
 127        0.06811
 128        0.15744
 129        0.06045
 130       -0.10604
 131       -0.14540
 132       -0.01334
 133        0.13239
 134        0.12038
 135       -0.03289
 136       -0.14525
 137       -0.08527
 138        0.07404
 139        0.14403
 140        0.04373
 141       -0.10654
 142       -0.12944
 143        0.00013
 144        0.12774
 145        0.10340
 146       -0.04217
 147       -0.13616
 148       -0.06879
 149        0.07856
 150        0.13155
 151        0.02914
 152       -0.10618
 153       -0.11485
 154        0.01167
 155        0.12282
 156        0.08808
 157       -0.04982
 158       -0.12736
 159       -0.05410
 160        0.08188
 161        0.11983
 162        0.01633
 163       -0.10511
 164       -0.10139
 165        0.02158
 166        0.11767
 167        0.07414
 168       -0.05611
 169       -0.11878
 170       -0.04092
 171        0.08418
 172        0.10875
 173        0.00504
 174       -0.10340
 175       -0.08889
 176        0.03008
 177        0.11229
 178        0.06139
 179       -0.06121
 180       -0.11038
 181       -0.02906
 182        0.08557
 183        0.09820
 184       -0.00493
 185       -0.10113
 186       -0.07722
 187        0.03736
 188        0.10672
 189        0.04968
 190       -0.06526
 191       -0.10214
 192       -0.01835
 193        0.08618
 194        0.08813
 195       -0.01373
 196       -0.09838
 197       -0.06629
 198        0.04355
 199        0.10098
 200        0.03890
 201       -0.06839
 202       -0.09405
 203       -0.00867
 204        0.08608
 205        0.07849
 206       -0.02149
 207       -0.09519
 208       -0.05603
 209        0.04876
 210        0.09510
 211        0.02895
 212       -0.07068
 213       -0.08609
 214        0.00008
 215        0.08535
 216        0.06926
 217       -0.02830
 218       -0.09161
 219       -0.04639
 220        0.05308
 221        0.08910
 222        0.01979
 223       -0.07222
 224       -0.07829
 225        0.00796
 226        0.08406
 227        0.06041
 228       -0.03423
 229       -0.08770
 230       -0.03733
 231        0.05660
 232        0.08300
 233        0.01134
 234       -0.07308
 235       -0.07063
 236        0.01505
 237        0.08227
 238        0.05193
 239       -0.03937
 240       -0.08349
 241       -0.02882
 242        0.05937
 243        0.07684
 244        0.00357
 245       -0.07331
 246       -0.06313
 247        0.02140
 248        0.08001
 249        0.04382
 250       -0.04375
 251       -0.07903
 252       -0.02084
 253        0.06146
 254        0.07064
 255       -0.00355
 256       -0.07297
 257       -0.05581
 258        0.02704
 259        0.07735
 260        0.03606
 261       -0.04744
 262       -0.07436
 263       -0.01338
 264        0.06291
 265        0.06443
 266       -0.01005
 267       -0.07212
 268       -0.04866
 269        0.03201
 270        0.07433
 271        0.02867
 272       -0.05047
 273       -0.06950
 274       -0.00641
 275        0.06377
 276        0.05823
 277       -0.01596
 278       -0.07079
 279       -0.04172
 280        0.03635
 281        0.07099
 282        0.02164
 283       -0.05288
 284       -0.06449
 285        0.00006
 286        0.06409
 287        0.05207
 288       -0.02130
 289       -0.06903
 290       -0.03499
 291        0.04009
 292        0.06736
 293        0.01497
 294       -0.05472
 295       -0.05938
 296        0.00605
 297        0.06390
 298        0.04597
 299       -0.02608
 300       -0.06687
 301       -0.02849
 302        0.04325
 303        0.06349
 304        0.00868
 305       -0.05601
 306       -0.05419
 307        0.01156
 308        0.06324
 309        0.03996
 310       -0.03032
 311       -0.06437
 312       -0.02224
 313        0.04586
 314        0.05941
 315        0.00276
 316       -0.05679
 317       -0.04895
 318        0.01661
 319        0.06215
 320        0.03406
 321       -0.03405
 322       -0.06155
 323       -0.01625
 324        0.04795
 325        0.05516
 326       -0.00277
 327       -0.05708
 328       -0.04369
 329        0.02119
 330        0.06066
 331        0.02830
 332       -0.03726
 333       -0.05845
 334       -0.01052
 335        0.04954
 336        0.05077
 337       -0.00793
 338       -0.05692
 339       -0.03844
 340        0.02531
 341        0.05881
 342        0.02270
 343       -0.03999
 344       -0.05511
 345       -0.00509
 346        0.05065
 347        0.04628
 348       -0.01270
 349       -0.05635
 350       -0.03323
 351        0.02898
 352        0.05663
 353        0.01727
 354       -0.04225
 355       -0.05156
 356        0.00005
 357        0.05131
 358        0.04171
 359       -0.01708
 360       -0.05538
 361       -0.02809
 362        0.03221
 363        0.05415
 364        0.01204
 365       -0.04405
 366       -0.04783
 367        0.00488
 368        0.05154
 369        0.03710
 370       -0.02106
 371       -0.05404
 372       -0.02304
 373        0.03500
 374        0.05140
 375        0.00703
 376       -0.04541
 377       -0.04395
 378        0.00939
 379        0.05136
 380        0.03247
 381       -0.02466
 382       -0.05237
 383       -0.01810
 384        0.03736
 385        0.04843
 386        0.00225
 387       -0.04634
 388       -0.03996
 389        0.01357
 390        0.05081
 391        0.02786
 392       -0.02787
 393       -0.05040
 394       -0.01331
 395        0.03931
 396        0.04524
 397       -0.00228
 398       -0.04687
 399       -0.03589
 400        0.01742
