   1       33.33375
   2       20.26465
   3        5.06648
   4        2.25200
   5        1.26693
   6        0.81099
   7        0.56331
   8        0.41397
   9        0.31705
  10        0.25059
  11        0.20306
  12        0.16789
  13        0.14114
  14        0.12032
  15        0.10381
  16        0.09048
  17        0.07958
  18        0.07054
  19        0.06296
  20        0.05655
  21        0.05108
  22        0.04637
  23        0.04229
  24        0.03873
  25        0.03560
  26        0.03284
  27        0.03040
  28        0.02822
  29        0.02627
  30        0.02452
  31        0.02294
  32        0.02151
  33        0.02021
  34        0.01903
  35        0.01795
  36        0.01697
  37        0.01606
  38        0.01523
  39        0.01446
  40        0.01375
  41        0.01309
  42        0.01248
  43        0.01191
  44        0.01139
  45        0.01089
  46        0.01043
  47        0.01000
  48        0.00960
  49        0.00922
  50        0.00887
  51        0.00854
  52        0.00822
  53        0.00793
  54        0.00765
  55        0.00738
  56        0.00713
  57        0.00690
  58        0.00667
  59        0.00646
  60        0.00626
  61        0.00606
  62        0.00588
  63        0.00571
  64        0.00554
  65        0.00539
  66        0.00524
  67        0.00509
  68        0.00495
  69        0.00482
  70        0.00470
  71        0.00458
  72        0.00446
  73        0.00435
  74        0.00425
  75        0.00415
  76        0.00405
  77        0.00396
  78        0.00387
  79        0.00378
  80        0.00370
  81        0.00362
  82        0.00354
  83        0.00347
  84        0.00340
  85        0.00333
  86        0.00326
  87        0.00320
  88        0.00314
  89        0.00308
  90        0.00302
  91        0.00296
  92        0.00291
  93        0.00286
  94        0.00281
  95        0.00276
  96        0.00271
  97        0.00267
  98        0.00262
  99        0.00258
 100        0.00254
 101        0.00250
 102        0.00246
 103        0.00242
 104        0.00239
 105        0.00235
 106        0.00232
 107        0.00228
 108        0.00225
 109        0.00222
 110        0.00219
 111        0.00216
 112        0.00213
 113        0.00211
 114        0.00208
 115        0.00205
 116        0.00203
 117        0.00200
 118        0.00198
 119        0.00195
 120        0.00193
 121        0.00191
 122        0.00189
 123        0.00187
 124        0.00185
 125        0.00183
 126        0.00181
 127        0.00179
 128        0.00177
 129        0.00175
 130        0.00174
 131        0.00172
 132        0.00170
 133        0.00169
 134        0.00167
 135        0.00166
 136        0.00164
 137        0.00163
 138        0.00161
 139        0.00160
 140        0.00159
 141        0.00157
 142        0.00156
 143        0.00155
 144        0.00154
 145        0.00153
 146        0.00152
 147        0.00150
 148        0.00149
 149        0.00148
 150        0.00147
 151        0.00146
 152        0.00146
 153        0.00145
 154        0.00144
 155        0.00143
 156        0.00142
 157        0.00141
 158        0.00140
 159        0.00140
 160        0.00139
 161        0.00138
 162        0.00138
 163        0.00137
 164        0.00136
 165        0.00136
 166        0.00135
 167        0.00134
 168        0.00134
 169        0.00133
 170        0.00133
 171        0.00132
 172        0.00132
 173        0.00131
 174        0.00131
 175        0.00130
 176        0.00130
 177        0.00130
 178        0.00129
 179        0.00129
 180        0.00128
 181        0.00128
 182        0.00128
 183        0.00128
 184        0.00127
 185        0.00127
 186        0.00127
 187        0.00127
 188        0.00126
 189        0.00126
 190        0.00126
 191        0.00126
 192        0.00126
 193        0.00125
 194        0.00125
 195        0.00125
 196        0.00125
 197        0.00125
 198        0.00125
 199        0.00125
 200        0.00125
 201        0.00125
 202        0.00125
 203        0.00125
 204        0.00125
 205        0.00125
 206        0.00125
 207        0.00125
 208        0.00125
 209        0.00125
 210        0.00126
 211        0.00126
 212        0.00126
 213        0.00126
 214        0.00126
 215        0.00127
 216        0.00127
 217        0.00127
 218        0.00127
 219        0.00128
 220        0.00128
 221        0.00128
 222        0.00128
 223        0.00129
 224        0.00129
 225        0.00130
 226        0.00130
 227        0.00130
 228        0.00131
 229        0.00131
 230        0.00132
 231        0.00132
 232        0.00133
 233        0.00133
 234        0.00134
 235        0.00134
 236        0.00135
 237        0.00136
 238        0.00136
 239        0.00137
 240        0.00138
 241        0.00138
 242        0.00139
 243        0.00140
 244        0.00140
 245        0.00141
 246        0.00142
 247        0.00143
 248        0.00144
 249        0.00145
 250        0.00146
 251        0.00146
 252        0.00147
 253        0.00148
 254        0.00149
 255        0.00150
 256        0.00152
 257        0.00153
 258        0.00154
 259        0.00155
 260        0.00156
 261        0.00157
 262        0.00159
 263        0.00160
 264        0.00161
 265        0.00163
 266        0.00164
 267        0.00166
 268        0.00167
 269        0.00169
 270        0.00170
 271        0.00172
 272        0.00174
 273        0.00175
 274        0.00177
 275        0.00179
 276        0.00181
 277        0.00183
 278        0.00185
 279        0.00187
 280        0.00189
 281        0.00191
 282        0.00193
 283        0.00195
 284        0.00198
 285        0.00200
 286        0.00203
 287        0.00205
 288        0.00208
 289        0.00211
 290        0.00213
 291        0.00216
 292        0.00219
 293        0.00222
 294        0.00225
 295        0.00228
 296        0.00232
 297        0.00235
 298        0.00239
 299        0.00242
 300        0.00246
 301        0.00250
 302        0.00254
 303        0.00258
 304        0.00262
 305        0.00267
 306        0.00271
 307        0.00276
 308        0.00281
 309        0.00286
 310        0.00291
 311        0.00296
 312        0.00302
 313        0.00308
 314        0.00314
 315        0.00320
 316        0.00326
 317        0.00333
 318        0.00340
 319        0.00347
 320        0.00354
 321        0.00362
 322        0.00370
 323        0.00378
 324        0.00387
 325        0.00396
 326        0.00405
 327        0.00415
 328        0.00425
 329        0.00435
 330        0.00446
 331        0.00458
 332        0.00470
 333        0.00482
 334        0.00495
 335        0.00509
 336        0.00524
 337        0.00539
 338        0.00554
 339        0.00571
 340        0.00588
 341        0.00606
 342        0.00626
 343        0.00646
 344        0.00667
 345        0.00690
 346        0.00713
 347        0.00738
 348        0.00765
 349        0.00793
 350        0.00822
 351        0.00854
 352        0.00887
 353        0.00922
 354        0.00960
 355        0.01000
 356        0.01043
 357        0.01089
 358        0.01139
 359        0.01191
 360        0.01248
 361        0.01309
 362        0.01375
 363        0.01446
 364        0.01523
 365        0.01606
 366        0.01697
 367        0.01795
 368        0.01903
 369        0.02021
 370        0.02151
 371        0.02294
 372        0.02452
 373        0.02627
 374        0.02822
 375        0.03040
 376        0.03284
 377        0.03560
 378        0.03873
 379        0.04229
 380        0.04637
 381        0.05108
 382        0.05655
 383        0.06296
 384        0.07054
 385        0.07958
 386        0.09048
 387        0.10381
 388        0.12032
 389        0.14114
 390        0.16789
 391        0.20306
 392        0.25059
 393        0.31705
 394        0.41397
 395        0.56331
 396        0.81099
 397        1.26693
 398        2.25200
 399        5.06648
 400       20.26465
