   1      133.33333        0.00000
   2      -81.05695      133.33333
   3       20.26424      -81.05695
   4       -9.00633       20.26424
   5        5.06606       -9.00633
   6       -3.24228        5.06606
   7        2.25158       -3.24228
   8       -1.65422        2.25158
   9        1.26651       -1.65422
  10       -1.00070        1.26651
  11        0.81057       -1.00070
  12       -0.66989        0.81057
  13        0.56290       -0.66989
  14       -0.47963        0.56290
  15        0.41356       -0.47963
  16       -0.36025        0.41356
  17        0.31663       -0.36025
  18       -0.28047        0.31663
  19        0.25018       -0.28047
  20       -0.22453        0.25018
  21        0.20264       -0.22453
  22       -0.18380        0.20264
  23        0.16747       -0.18380
  24       -0.15323        0.16747
  25        0.14072       -0.15323
  26       -0.12969        0.14072
  27        0.11991       -0.12969
  28       -0.11119        0.11991
  29        0.10339       -0.11119
  30       -0.09638        0.10339
  31        0.09006       -0.09638
  32       -0.08435        0.09006
  33        0.07916       -0.08435
  34       -0.07443        0.07916
  35        0.07012       -0.07443
  36       -0.06617        0.07012
  37        0.06254       -0.06617
  38       -0.05921        0.06254
  39        0.05613       -0.05921
  40       -0.05329        0.05613
  41        0.05066       -0.05329
  42       -0.04822        0.05066
  43        0.04595       -0.04822
  44       -0.04384        0.04595
  45        0.04187       -0.04384
  46       -0.04003        0.04187
  47        0.03831       -0.04003
  48       -0.03669        0.03831
  49        0.03518       -0.03669
  50       -0.03376        0.03518
  51        0.03242       -0.03376
  52       -0.03116        0.03242
  53        0.02998       -0.03116
  54       -0.02886        0.02998
  55        0.02780       -0.02886
  56       -0.02680        0.02780
  57        0.02585       -0.02680
  58       -0.02495        0.02585
  59        0.02410       -0.02495
  60       -0.02329        0.02410
  61        0.02252       -0.02329
  62       -0.02178        0.02252
  63        0.02109       -0.02178
  64       -0.02042        0.02109
  65        0.01979       -0.02042
  66       -0.01919        0.01979
  67        0.01861       -0.01919
  68       -0.01806        0.01861
  69        0.01753       -0.01806
  70       -0.01703        0.01753
  71        0.01654       -0.01703
  72       -0.01608        0.01654
  73        0.01564       -0.01608
  74       -0.01521        0.01564
  75        0.01480       -0.01521
  76       -0.01441        0.01480
  77        0.01403       -0.01441
  78       -0.01367        0.01403
  79        0.01332       -0.01367
  80       -0.01299        0.01332
  81        0.01267       -0.01299
  82       -0.01235        0.01267
  83        0.01205       -0.01235
  84       -0.01177        0.01205
  85        0.01149       -0.01177
  86       -0.01122        0.01149
  87        0.01096       -0.01122
  88       -0.01071        0.01096
  89        0.01047       -0.01071
  90       -0.01023        0.01047
  91        0.01001       -0.01023
  92       -0.00979        0.01001
  93        0.00958       -0.00979
  94       -0.00937        0.00958
  95        0.00917       -0.00937
  96       -0.00898        0.00917
  97        0.00880       -0.00898
  98       -0.00861        0.00880
  99        0.00844       -0.00861
 100       -0.00827        0.00844
