   1      533.33441
   2      324.22885
   3       81.05801
   4       36.02637
   5       20.26530
   6       12.97018
   7        9.00739
   8        6.61796
   9        5.06713
  10        4.00388
  11        3.24334
  12        2.68064
  13        2.25265
  14        1.91957
  15        1.65529
  16        1.44208
  17        1.26758
  18        1.12296
  19        1.00177
  20        0.89921
  21        0.81164
  22        0.73628
  23        0.67096
  24        0.61397
  25        0.56396
  26        0.51983
  27        0.48070
  28        0.44583
  29        0.41462
  30        0.38659
  31        0.36132
  32        0.33845
  33        0.31770
  34        0.29880
  35        0.28154
  36        0.26574
  37        0.25125
  38        0.23791
  39        0.22560
  40        0.21424
  41        0.20371
  42        0.19395
  43        0.18487
  44        0.17642
  45        0.16854
  46        0.16118
  47        0.15430
  48        0.14785
  49        0.14180
  50        0.13611
  51        0.13076
  52        0.12573
  53        0.12098
  54        0.11650
  55        0.11226
  56        0.10826
  57        0.10446
  58        0.10087
  59        0.09746
  60        0.09422
  61        0.09114
  62        0.08821
  63        0.08542
  64        0.08277
  65        0.08023
  66        0.07782
  67        0.07551
  68        0.07330
  69        0.07119
  70        0.06918
  71        0.06725
  72        0.06540
  73        0.06362
  74        0.06192
  75        0.06029
  76        0.05872
  77        0.05721
  78        0.05576
  79        0.05437
  80        0.05303
  81        0.05174
  82        0.05050
  83        0.04930
  84        0.04815
  85        0.04703
  86        0.04596
  87        0.04492
  88        0.04392
  89        0.04295
  90        0.04202
  91        0.04111
  92        0.04024
  93        0.03939
  94        0.03857
  95        0.03778
  96        0.03701
  97        0.03627
  98        0.03555
  99        0.03485
 100        0.03417
 101        0.03351
 102        0.03287
 103        0.03225
 104        0.03165
 105        0.03107
 106        0.03050
 107        0.02995
 108        0.02941
 109        0.02889
 110        0.02838
 111        0.02789
 112        0.02741
 113        0.02694
 114        0.02649
 115        0.02604
 116        0.02561
 117        0.02519
 118        0.02478
 119        0.02438
 120        0.02399
 121        0.02361
 122        0.02324
 123        0.02288
 124        0.02253
 125        0.02219
 126        0.02185
 127        0.02152
 128        0.02120
 129        0.02089
 130        0.02059
 131        0.02029
 132        0.02000
 133        0.01971
 134        0.01943
 135        0.01916
 136        0.01890
 137        0.01864
 138        0.01838
 139        0.01813
 140        0.01789
 141        0.01765
 142        0.01742
 143        0.01719
 144        0.01697
 145        0.01675
 146        0.01653
 147        0.01632
 148        0.01612
 149        0.01592
 150        0.01572
 151        0.01553
 152        0.01534
 153        0.01515
 154        0.01497
 155        0.01479
 156        0.01461
 157        0.01444
 158        0.01427
 159        0.01411
 160        0.01395
 161        0.01379
 162        0.01363
 163        0.01348
 164        0.01333
 165        0.01318
 166        0.01304
 167        0.01289
 168        0.01275
 169        0.01262
 170        0.01248
 171        0.01235
 172        0.01222
 173        0.01209
 174        0.01197
 175        0.01184
 176        0.01172
 177        0.01160
 178        0.01149
 179        0.01137
 180        0.01126
 181        0.01115
 182        0.01104
 183        0.01093
 184        0.01082
 185        0.01072
 186        0.01062
 187        0.01052
 188        0.01042
 189        0.01032
 190        0.01022
 191        0.01013
 192        0.01004
 193        0.00994
 194        0.00985
 195        0.00977
 196        0.00968
 197        0.00959
 198        0.00951
 199        0.00942
 200        0.00934
 201        0.00926
 202        0.00918
 203        0.00910
 204        0.00903
 205        0.00895
 206        0.00888
 207        0.00880
 208        0.00873
 209        0.00866
 210        0.00859
 211        0.00852
 212        0.00845
 213        0.00838
 214        0.00832
 215        0.00825
 216        0.00819
 217        0.00812
 218        0.00806
 219        0.00800
 220        0.00794
 221        0.00788
 222        0.00782
 223        0.00776
 224        0.00770
 225        0.00764
 226        0.00759
 227        0.00753
 228        0.00748
 229        0.00742
 230        0.00737
 231        0.00732
 232        0.00727
 233        0.00721
 234        0.00716
 235        0.00711
 236        0.00706
 237        0.00702
 238        0.00697
 239        0.00692
 240        0.00687
 241        0.00683
 242        0.00678
 243        0.00674
 244        0.00669
 245        0.00665
 246        0.00661
 247        0.00656
 248        0.00652
 249        0.00648
 250        0.00644
 251        0.00640
 252        0.00636
 253        0.00632
 254        0.00628
 255        0.00624
 256        0.00621
 257        0.00617
 258        0.00613
 259        0.00609
 260        0.00606
 261        0.00602
 262        0.00599
 263        0.00595
 264        0.00592
 265        0.00588
 266        0.00585
 267        0.00582
 268        0.00578
 269        0.00575
 270        0.00572
 271        0.00569
 272        0.00566
 273        0.00562
 274        0.00559
 275        0.00556
 276        0.00553
 277        0.00550
 278        0.00548
 279        0.00545
 280        0.00542
 281        0.00539
 282        0.00536
 283        0.00533
 284        0.00531
 285        0.00528
 286        0.00525
 287        0.00523
 288        0.00520
 289        0.00518
 290        0.00515
 291        0.00513
 292        0.00510
 293        0.00508
 294        0.00505
 295        0.00503
 296        0.00500
 297        0.00498
 298        0.00496
 299        0.00493
 300        0.00491
 301        0.00489
 302        0.00487
 303        0.00485
 304        0.00482
 305        0.00480
 306        0.00478
 307        0.00476
 308        0.00474
 309        0.00472
 310        0.00470
 311        0.00468
 312        0.00466
 313        0.00464
 314        0.00462
 315        0.00460
 316        0.00458
 317        0.00456
 318        0.00454
 319        0.00452
 320        0.00451
 321        0.00449
 322        0.00447
 323        0.00445
 324        0.00444
 325        0.00442
 326        0.00440
 327        0.00438
 328        0.00437
 329        0.00435
 330        0.00434
 331        0.00432
 332        0.00430
 333        0.00429
 334        0.00427
 335        0.00426
 336        0.00424
 337        0.00423
 338        0.00421
 339        0.00420
 340        0.00418
 341        0.00417
 342        0.00415
 343        0.00414
 344        0.00412
 345        0.00411
 346        0.00410
 347        0.00408
 348        0.00407
 349        0.00406
 350        0.00404
 351        0.00403
 352        0.00402
 353        0.00401
 354        0.00399
 355        0.00398
 356        0.00397
 357        0.00396
 358        0.00394
 359        0.00393
 360        0.00392
 361        0.00391
 362        0.00390
 363        0.00389
 364        0.00387
 365        0.00386
 366        0.00385
 367        0.00384
 368        0.00383
 369        0.00382
 370        0.00381
 371        0.00380
 372        0.00379
 373        0.00378
 374        0.00377
 375        0.00376
 376        0.00375
 377        0.00374
 378        0.00373
 379        0.00372
 380        0.00371
 381        0.00370
 382        0.00369
 383        0.00368
 384        0.00367
 385        0.00367
 386        0.00366
 387        0.00365
 388        0.00364
 389        0.00363
 390        0.00362
 391        0.00361
 392        0.00361
 393        0.00360
 394        0.00359
 395        0.00358
 396        0.00358
 397        0.00357
 398        0.00356
 399        0.00355
 400        0.00355
 401        0.00354
 402        0.00353
 403        0.00352
 404        0.00352
 405        0.00351
 406        0.00350
 407        0.00350
 408        0.00349
 409        0.00348
 410        0.00348
 411        0.00347
 412        0.00346
 413        0.00346
 414        0.00345
 415        0.00345
 416        0.00344
 417        0.00343
 418        0.00343
 419        0.00342
 420        0.00342
 421        0.00341
 422        0.00341
 423        0.00340
 424        0.00339
 425        0.00339
 426        0.00338
 427        0.00338
 428        0.00337
 429        0.00337
 430        0.00336
 431        0.00336
 432        0.00336
 433        0.00335
 434        0.00335
 435        0.00334
 436        0.00334
 437        0.00333
 438        0.00333
 439        0.00332
 440        0.00332
 441        0.00332
 442        0.00331
 443        0.00331
 444        0.00330
 445        0.00330
 446        0.00330
 447        0.00329
 448        0.00329
 449        0.00329
 450        0.00328
 451        0.00328
 452        0.00328
 453        0.00327
 454        0.00327
 455        0.00327
 456        0.00326
 457        0.00326
 458        0.00326
 459        0.00326
 460        0.00325
 461        0.00325
 462        0.00325
 463        0.00325
 464        0.00324
 465        0.00324
 466        0.00324
 467        0.00324
 468        0.00323
 469        0.00323
 470        0.00323
 471        0.00323
 472        0.00323
 473        0.00322
 474        0.00322
 475        0.00322
 476        0.00322
 477        0.00322
 478        0.00322
 479        0.00322
 480        0.00321
 481        0.00321
 482        0.00321
 483        0.00321
 484        0.00321
 485        0.00321
 486        0.00321
 487        0.00321
 488        0.00321
 489        0.00320
 490        0.00320
 491        0.00320
 492        0.00320
 493        0.00320
 494        0.00320
 495        0.00320
 496        0.00320
 497        0.00320
 498        0.00320
 499        0.00320
 500        0.00320
 501        0.00320
 502        0.00320
 503        0.00320
 504        0.00320
 505        0.00320
 506        0.00320
 507        0.00320
 508        0.00320
 509        0.00320
 510        0.00320
 511        0.00320
 512        0.00320
 513        0.00320
 514        0.00321
 515        0.00321
 516        0.00321
 517        0.00321
 518        0.00321
 519        0.00321
 520        0.00321
 521        0.00321
 522        0.00321
 523        0.00322
 524        0.00322
 525        0.00322
 526        0.00322
 527        0.00322
 528        0.00322
 529        0.00322
 530        0.00323
 531        0.00323
 532        0.00323
 533        0.00323
 534        0.00323
 535        0.00324
 536        0.00324
 537        0.00324
 538        0.00324
 539        0.00325
 540        0.00325
 541        0.00325
 542        0.00325
 543        0.00326
 544        0.00326
 545        0.00326
 546        0.00326
 547        0.00327
 548        0.00327
 549        0.00327
 550        0.00328
 551        0.00328
 552        0.00328
 553        0.00329
 554        0.00329
 555        0.00329
 556        0.00330
 557        0.00330
 558        0.00330
 559        0.00331
 560        0.00331
 561        0.00332
 562        0.00332
 563        0.00332
 564        0.00333
 565        0.00333
 566        0.00334
 567        0.00334
 568        0.00335
 569        0.00335
 570        0.00336
 571        0.00336
 572        0.00336
 573        0.00337
 574        0.00337
 575        0.00338
 576        0.00338
 577        0.00339
 578        0.00339
 579        0.00340
 580        0.00341
 581        0.00341
 582        0.00342
 583        0.00342
 584        0.00343
 585        0.00343
 586        0.00344
 587        0.00345
 588        0.00345
 589        0.00346
 590        0.00346
 591        0.00347
 592        0.00348
 593        0.00348
 594        0.00349
 595        0.00350
 596        0.00350
 597        0.00351
 598        0.00352
 599        0.00352
 600        0.00353
 601        0.00354
 602        0.00355
 603        0.00355
 604        0.00356
 605        0.00357
 606        0.00358
 607        0.00358
 608        0.00359
 609        0.00360
 610        0.00361
 611        0.00361
 612        0.00362
 613        0.00363
 614        0.00364
 615        0.00365
 616        0.00366
 617        0.00367
 618        0.00367
 619        0.00368
 620        0.00369
 621        0.00370
 622        0.00371
 623        0.00372
 624        0.00373
 625        0.00374
 626        0.00375
 627        0.00376
 628        0.00377
 629        0.00378
 630        0.00379
 631        0.00380
 632        0.00381
 633        0.00382
 634        0.00383
 635        0.00384
 636        0.00385
 637        0.00386
 638        0.00387
 639        0.00389
 640        0.00390
 641        0.00391
 642        0.00392
 643        0.00393
 644        0.00394
 645        0.00396
 646        0.00397
 647        0.00398
 648        0.00399
 649        0.00401
 650        0.00402
 651        0.00403
 652        0.00404
 653        0.00406
 654        0.00407
 655        0.00408
 656        0.00410
 657        0.00411
 658        0.00412
 659        0.00414
 660        0.00415
 661        0.00417
 662        0.00418
 663        0.00420
 664        0.00421
 665        0.00423
 666        0.00424
 667        0.00426
 668        0.00427
 669        0.00429
 670        0.00430
 671        0.00432
 672        0.00434
 673        0.00435
 674        0.00437
 675        0.00438
 676        0.00440
 677        0.00442
 678        0.00444
 679        0.00445
 680        0.00447
 681        0.00449
 682        0.00451
 683        0.00452
 684        0.00454
 685        0.00456
 686        0.00458
 687        0.00460
 688        0.00462
 689        0.00464
 690        0.00466
 691        0.00468
 692        0.00470
 693        0.00472
 694        0.00474
 695        0.00476
 696        0.00478
 697        0.00480
 698        0.00482
 699        0.00485
 700        0.00487
 701        0.00489
 702        0.00491
 703        0.00493
 704        0.00496
 705        0.00498
 706        0.00500
 707        0.00503
 708        0.00505
 709        0.00508
 710        0.00510
 711        0.00513
 712        0.00515
 713        0.00518
 714        0.00520
 715        0.00523
 716        0.00525
 717        0.00528
 718        0.00531
 719        0.00533
 720        0.00536
 721        0.00539
 722        0.00542
 723        0.00545
 724        0.00548
 725        0.00550
 726        0.00553
 727        0.00556
 728        0.00559
 729        0.00562
 730        0.00566
 731        0.00569
 732        0.00572
 733        0.00575
 734        0.00578
 735        0.00582
 736        0.00585
 737        0.00588
 738        0.00592
 739        0.00595
 740        0.00599
 741        0.00602
 742        0.00606
 743        0.00609
 744        0.00613
 745        0.00617
 746        0.00621
 747        0.00624
 748        0.00628
 749        0.00632
 750        0.00636
 751        0.00640
 752        0.00644
 753        0.00648
 754        0.00652
 755        0.00656
 756        0.00661
 757        0.00665
 758        0.00669
 759        0.00674
 760        0.00678
 761        0.00683
 762        0.00687
 763        0.00692
 764        0.00697
 765        0.00702
 766        0.00706
 767        0.00711
 768        0.00716
 769        0.00721
 770        0.00727
 771        0.00732
 772        0.00737
 773        0.00742
 774        0.00748
 775        0.00753
 776        0.00759
 777        0.00764
 778        0.00770
 779        0.00776
 780        0.00782
 781        0.00788
 782        0.00794
 783        0.00800
 784        0.00806
 785        0.00812
 786        0.00819
 787        0.00825
 788        0.00832
 789        0.00838
 790        0.00845
 791        0.00852
 792        0.00859
 793        0.00866
 794        0.00873
 795        0.00880
 796        0.00888
 797        0.00895
 798        0.00903
 799        0.00910
 800        0.00918
 801        0.00926
 802        0.00934
 803        0.00942
 804        0.00951
 805        0.00959
 806        0.00968
 807        0.00977
 808        0.00985
 809        0.00994
 810        0.01004
 811        0.01013
 812        0.01022
 813        0.01032
 814        0.01042
 815        0.01052
 816        0.01062
 817        0.01072
 818        0.01082
 819        0.01093
 820        0.01104
 821        0.01115
 822        0.01126
 823        0.01137
 824        0.01149
 825        0.01160
 826        0.01172
 827        0.01184
 828        0.01197
 829        0.01209
 830        0.01222
 831        0.01235
 832        0.01248
 833        0.01262
 834        0.01275
 835        0.01289
 836        0.01304
 837        0.01318
 838        0.01333
 839        0.01348
 840        0.01363
 841        0.01379
 842        0.01395
 843        0.01411
 844        0.01427
 845        0.01444
 846        0.01461
 847        0.01479
 848        0.01497
 849        0.01515
 850        0.01534
 851        0.01553
 852        0.01572
 853        0.01592
 854        0.01612
 855        0.01632
 856        0.01653
 857        0.01675
 858        0.01697
 859        0.01719
 860        0.01742
 861        0.01765
 862        0.01789
 863        0.01813
 864        0.01838
 865        0.01864
 866        0.01890
 867        0.01916
 868        0.01943
 869        0.01971
 870        0.02000
 871        0.02029
 872        0.02059
 873        0.02089
 874        0.02120
 875        0.02152
 876        0.02185
 877        0.02219
 878        0.02253
 879        0.02288
 880        0.02324
 881        0.02361
 882        0.02399
 883        0.02438
 884        0.02478
 885        0.02519
 886        0.02561
 887        0.02604
 888        0.02649
 889        0.02694
 890        0.02741
 891        0.02789
 892        0.02838
 893        0.02889
 894        0.02941
 895        0.02995
 896        0.03050
 897        0.03107
 898        0.03165
 899        0.03225
 900        0.03287
 901        0.03351
 902        0.03417
 903        0.03485
 904        0.03555
 905        0.03627
 906        0.03701
 907        0.03778
 908        0.03857
 909        0.03939
 910        0.04024
 911        0.04111
 912        0.04202
 913        0.04295
 914        0.04392
 915        0.04492
 916        0.04596
 917        0.04703
 918        0.04815
 919        0.04930
 920        0.05050
 921        0.05174
 922        0.05303
 923        0.05437
 924        0.05576
 925        0.05721
 926        0.05872
 927        0.06029
 928        0.06192
 929        0.06362
 930        0.06540
 931        0.06725
 932        0.06918
 933        0.07119
 934        0.07330
 935        0.07551
 936        0.07782
 937        0.08023
 938        0.08277
 939        0.08542
 940        0.08821
 941        0.09114
 942        0.09422
 943        0.09746
 944        0.10087
 945        0.10446
 946        0.10826
 947        0.11226
 948        0.11650
 949        0.12098
 950        0.12573
 951        0.13076
 952        0.13611
 953        0.14180
 954        0.14785
 955        0.15430
 956        0.16118
 957        0.16854
 958        0.17642
 959        0.18487
 960        0.19395
 961        0.20371
 962        0.21424
 963        0.22560
 964        0.23791
 965        0.25125
 966        0.26574
 967        0.28154
 968        0.29880
 969        0.31770
 970        0.33845
 971        0.36132
 972        0.38659
 973        0.41462
 974        0.44583
 975        0.48070
 976        0.51983
 977        0.56396
 978        0.61397
 979        0.67096
 980        0.73628
 981        0.81164
 982        0.89921
 983        1.00177
 984        1.12296
 985        1.26758
 986        1.44208
 987        1.65529
 988        1.91957
 989        2.25265
 990        2.68064
 991        3.24334
 992        4.00388
 993        5.06713
 994        6.61796
 995        9.00739
 996       12.97018
 997       20.26530
 998       36.02637
 999       81.05801
1000      324.22885
