   1       20.26465
   2        5.06648
   3        2.25200
   4        1.26693
   5        0.81099
   6        0.56331
   7        0.41397
   8        0.31705
   9        0.25059
  10        0.20306
  11        0.16789
  12        0.14114
  13        0.12032
  14        0.10381
  15        0.09048
  16        0.07958
  17        0.07054
  18        0.06296
  19        0.05655
  20        0.05108
  21        0.04637
  22        0.04229
  23        0.03873
  24        0.03560
  25        0.03284
  26        0.03040
  27        0.02822
  28        0.02627
  29        0.02452
  30        0.02294
  31        0.02151
  32        0.02021
  33        0.01903
  34        0.01795
  35        0.01697
  36        0.01606
  37        0.01523
  38        0.01446
  39        0.01375
  40        0.01309
  41        0.01248
  42        0.01191
  43        0.01139
  44        0.01089
  45        0.01043
  46        0.01000
  47        0.00960
  48        0.00922
  49        0.00887
  50        0.00854
  51        0.00822
  52        0.00793
  53        0.00765
  54        0.00738
  55        0.00713
  56        0.00690
  57        0.00667
  58        0.00646
  59        0.00626
  60        0.00606
  61        0.00588
  62        0.00571
  63        0.00554
  64        0.00539
  65        0.00524
  66        0.00509
  67        0.00495
  68        0.00482
  69        0.00470
  70        0.00458
  71        0.00446
  72        0.00435
  73        0.00425
  74        0.00415
  75        0.00405
  76        0.00396
  77        0.00387
  78        0.00378
  79        0.00370
  80        0.00362
  81        0.00354
  82        0.00347
  83        0.00340
  84        0.00333
  85        0.00326
  86        0.00320
  87        0.00314
  88        0.00308
  89        0.00302
  90        0.00296
  91        0.00291
  92        0.00286
  93        0.00281
  94        0.00276
  95        0.00271
  96        0.00267
  97        0.00262
  98        0.00258
  99        0.00254
 100        0.00250
 101        0.00246
 102        0.00242
 103        0.00239
 104        0.00235
 105        0.00232
 106        0.00228
 107        0.00225
 108        0.00222
 109        0.00219
 110        0.00216
 111        0.00213
 112        0.00211
 113        0.00208
 114        0.00205
 115        0.00203
 116        0.00200
 117        0.00198
 118        0.00195
 119        0.00193
 120        0.00191
 121        0.00189
 122        0.00187
 123        0.00185
 124        0.00183
 125        0.00181
 126        0.00179
 127        0.00177
 128        0.00175
 129        0.00174
 130        0.00172
 131        0.00170
 132        0.00169
 133        0.00167
 134        0.00166
 135        0.00164
 136        0.00163
 137        0.00161
 138        0.00160
 139        0.00159
 140        0.00157
 141        0.00156
 142        0.00155
 143        0.00154
 144        0.00153
 145        0.00152
 146        0.00150
 147        0.00149
 148        0.00148
 149        0.00147
 150        0.00146
 151        0.00146
 152        0.00145
 153        0.00144
 154        0.00143
 155        0.00142
 156        0.00141
 157        0.00140
 158        0.00140
 159        0.00139
 160        0.00138
 161        0.00138
 162        0.00137
 163        0.00136
 164        0.00136
 165        0.00135
 166        0.00134
 167        0.00134
 168        0.00133
 169        0.00133
 170        0.00132
 171        0.00132
 172        0.00131
 173        0.00131
 174        0.00130
 175        0.00130
 176        0.00130
 177        0.00129
 178        0.00129
 179        0.00128
 180        0.00128
 181        0.00128
 182        0.00128
 183        0.00127
 184        0.00127
 185        0.00127
 186        0.00127
 187        0.00126
 188        0.00126
 189        0.00126
 190        0.00126
 191        0.00126
 192        0.00125
 193        0.00125
 194        0.00125
 195        0.00125
 196        0.00125
 197        0.00125
 198        0.00125
 199        0.00125
 200        0.00125
 201        0.00000
