  x        ,A_vet_1        ,A_vet_2        ,A_vet_3        ,A_vet_4        ,A_vet_5
   0.0000000,   0.0000000009,   0.0000048837,   0.0000596093,  -0.0002165319,  -0.0003004274
   0.2500000,  -0.0000001920,  -0.0000275664,  -0.0002878064,   0.0011747989,   0.0015519113
   0.5000000,   0.0000000008,  -0.0000007887,  -0.0000111306,   0.0000364140,   0.0000530281
   0.7500000,   0.0000001355,   0.0000140008,   0.0001225606,  -0.0005740909,  -0.0007182329
   1.0000000,  -0.0000003450,  -0.0000000324,   0.0000043834,  -0.0000075991,  -0.0000158144
   1.2500000,  -0.0000038662,  -0.0000109252,  -0.0000658652,   0.0003707893,   0.0004327575
   1.5000000,  -0.0000286094,  -0.0000115971,   0.0000010157,   0.0000085372,  -0.0000069805
   1.7500000,  -0.0001597909,  -0.0000579120,   0.0000601669,  -0.0002120474,  -0.0003613212
   2.0000000,  -0.0006859221,  -0.0002764645,   0.0000925517,   0.0002490454,  -0.0002797168
   2.2500000,  -0.0023454565,  -0.0009393055,   0.0002812597,   0.0010282093,  -0.0007284910
   2.5000000,  -0.0065950472,  -0.0025893798,   0.0008404918,   0.0022581452,  -0.0026090649
   2.7500000,  -0.0156701613,  -0.0060510130,   0.0019823781,   0.0051272540,  -0.0062393577
   3.0000000,  -0.0322096446,  -0.0122150283,   0.0039733431,   0.0106805548,  -0.0122226138
   3.2500000,  -0.0584423830,  -0.0216753596,   0.0070336144,   0.0190299386,  -0.0214959873
   3.5000000,  -0.0952454245,  -0.0343873468,   0.0111541744,   0.0298838913,  -0.0341636537
   3.7500000,  -0.1415230610,  -0.0494865783,   0.0160358455,   0.0427890707,  -0.0489995621
   4.0000000,  -0.1942081309,  -0.0653542621,   0.0211457432,   0.0564898160,  -0.0641704183
   4.2500000,  -0.2488726026,  -0.0799399575,   0.0258143089,   0.0688853278,  -0.0778233988
   4.5000000,  -0.3006751924,  -0.0912234511,   0.0293804126,   0.0780551379,  -0.0880524659
   4.7500000,  -0.3452970522,  -0.0976195086,   0.0313415230,   0.0828954367,  -0.0931228709
   5.0000000,  -0.3796039599,  -0.0982031420,   0.0314114666,   0.0827661656,  -0.0921005009
   5.2500000,  -0.4019315198,  -0.0927627270,   0.0295124583,   0.0772961399,  -0.0850315328
   5.5000000,  -0.4120308397,  -0.0817283900,   0.0257829255,   0.0668082114,  -0.0725311221
   5.7500000,  -0.4107898460,  -0.0660034271,   0.0205503030,   0.0523654696,  -0.0555042086
   6.0000000,  -0.3998578558,  -0.0467470748,   0.0142135350,   0.0351274068,  -0.0351774040
   6.2500000,  -0.3812737064,  -0.0251853135,   0.0071498078,   0.0160131909,  -0.0129690276
   6.5000000,  -0.3571583068,  -0.0024854936,  -0.0002688667,  -0.0039987828,   0.0098435263
   6.7500000,  -0.3294964925,   0.0203283976,  -0.0076708274,  -0.0238042119,   0.0322513979
   7.0000000,  -0.3000067123,   0.0424346206,  -0.0147712811,  -0.0426008356,   0.0534172006
   7.2500000,  -0.2700826561,   0.0632286549,  -0.0214095940,  -0.0600178518,   0.0726647943
   7.5000000,  -0.2407867271,   0.0822970173,  -0.0274646204,  -0.0757445675,   0.0895618922
   7.7500000,  -0.2128764706,   0.0993869392,  -0.0328126037,  -0.0894053723,   0.1038942181
   8.0000000,  -0.1868483078,   0.1143870378,  -0.0374038167,  -0.1008610647,   0.1155695406
   8.2500000,  -0.1629872180,   0.1272986231,  -0.0412836983,  -0.1102617481,   0.1245905155
   8.5000000,  -0.1414153172,   0.1381945369,  -0.0444899284,  -0.1177157814,   0.1310512873
   8.7500000,  -0.1221353343,   0.1471914412,  -0.0470145368,  -0.1232015944,   0.1350959133
   9.0000000,  -0.1050670561,   0.1544411698,  -0.0488957441,  -0.1268302068,   0.1368999034
   9.2500000,  -0.0900765004,   0.1601177249,  -0.0502400959,  -0.1288830368,   0.1366750037
   9.5000000,  -0.0769984846,   0.1643951903,  -0.0511159721,  -0.1295441973,   0.1346276270
   9.7500000,  -0.0656532834,   0.1674379460,  -0.0515267101,  -0.1288545586,   0.1309267485
  10.0000000,  -0.0558582494,   0.1694057491,  -0.0515153612,  -0.1269433144,   0.1257535262
  10.2500000,  -0.0474357252,   0.1704520799,  -0.0511848091,  -0.1240533327,   0.1193237082
  10.5000000,  -0.0402183157,   0.1707127853,  -0.0505878297,  -0.1203243307,   0.1118086821
  10.7500000,  -0.0340518645,   0.1703044600,  -0.0497092105,  -0.1157739682,   0.1033098645
  11.0000000,  -0.0287965870,   0.1693338786,  -0.0485776317,  -0.1104938931,   0.0939570894
  11.2500000,  -0.0243273330,   0.1678994111,  -0.0472800464,  -0.1046608034,   0.0839329565
  11.5000000,  -0.0205334812,   0.1660832660,  -0.0458484237,  -0.0983605464,   0.0733571629
  11.7500000,  -0.0173181581,   0.1639521753,  -0.0442496855,  -0.0915856848,   0.0622670528
  12.0000000,  -0.0145968469,   0.1615667480,  -0.0425009166,  -0.0843951370,   0.0507524340
  12.2500000,  -0.0122961640,   0.1589827351,  -0.0406763870,  -0.0769129382,   0.0389733055
  12.5000000,  -0.0103529929,   0.1562444042,  -0.0387923650,  -0.0691882242,   0.0270120203
  12.7500000,  -0.0087133305,   0.1533856603,  -0.0368046388,  -0.0612030411,   0.0148625848
  13.0000000,  -0.0073308094,   0.1504381482,  -0.0347245900,  -0.0529971667,   0.0025940095
  13.2500000,  -0.0061656705,   0.1474317161,  -0.0326184292,  -0.0446582893,  -0.0096431522
  13.5000000,  -0.0051842407,   0.1443884334,  -0.0304918964,  -0.0362149736,  -0.0217909197
  13.7500000,  -0.0043581114,   0.1413237607,  -0.0282953107,  -0.0276503505,  -0.0338827855
  14.0000000,  -0.0036630037,   0.1382533028,  -0.0260385977,  -0.0189944321,  -0.0458579434
  14.2500000,  -0.0030781571,   0.1351925784,  -0.0237828487,  -0.0103096318,  -0.0575686847
  14.5000000,  -0.0025862134,   0.1321517151,  -0.0215267116,  -0.0016144396,  -0.0689748967
  14.7500000,  -0.0021727081,   0.1291366396,  -0.0192187565,   0.0071006226,  -0.0801286899
  15.0000000,  -0.0018252178,   0.1261546058,  -0.0168697997,   0.0158107776,  -0.0909716181
  15.2500000,  -0.0015330646,   0.1232135049,  -0.0145371913,   0.0244725006,  -0.1013577567
  15.5000000,  -0.0012874743,   0.1203173351,  -0.0122145450,   0.0330713144,  -0.1112630458
  15.7500000,  -0.0010812528,   0.1174674093,  -0.0098509809,   0.0416067791,  -0.1207539827
  16.0000000,  -0.0009081052,   0.1146667861,  -0.0074592590,   0.0500579531,  -0.1297728813
  16.2500000,  -0.0007625400,   0.1119193273,  -0.0050934098,   0.0583966951,  -0.1381776348
  16.5000000,  -0.0006401855,   0.1092260024,  -0.0027432706,   0.0666091695,  -0.1459607701
  16.7500000,  -0.0005375535,   0.1065860801,  -0.0003599506,   0.0746846713,  -0.1532013278
  17.0000000,  -0.0004514527,   0.1040005575,   0.0020415584,   0.0826063479,  -0.1598429227
  17.2500000,  -0.0003790178,   0.1014711310,   0.0044106134,   0.0903594503,  -0.1657505397
  17.5000000,  -0.0003181076,   0.0989973526,   0.0067602930,   0.0979288978,  -0.1709345409
  17.7500000,  -0.0002670985,   0.0965777435,   0.0091365572,   0.1052945069,  -0.1754855726
  18.0000000,  -0.0002243512,   0.0942122960,   0.0115223253,   0.1124444984,  -0.1793499016
  18.2500000,  -0.0001883213,   0.0919014925,   0.0138706187,   0.1193762303,  -0.1824029855
  18.5000000,  -0.0001579924,   0.0896442982,   0.0161967428,   0.1260722788,  -0.1846740336
  18.7500000,  -0.0001326704,   0.0874391212,   0.0185430787,   0.1325043115,  -0.1862644238
  19.0000000,  -0.0001114849,   0.0852854532,   0.0208908432,   0.1386668311,  -0.1871244816
  19.2500000,  -0.0000935553,   0.0831830475,   0.0231970553,   0.1445682890,  -0.1871430013
  19.5000000,  -0.0000784335,   0.0811307137,   0.0254786146,   0.1501882430,  -0.1863683189
  19.7500000,  -0.0000658835,   0.0791270437,   0.0277738642,   0.1554917703,  -0.1849113006
  20.0000000,  -0.0000554121,   0.0771712541,   0.0300628458,   0.1604808244,  -0.1827274012
  20.2500000,  -0.0000464751,   0.0752626221,   0.0323068860,   0.1651739928,  -0.1797207852
  20.5000000,  -0.0000389131,   0.0734000296,   0.0345238500,   0.1695473786,  -0.1759582399
  20.7500000,  -0.0000327115,   0.0715823775,   0.0367477232,   0.1735610938,  -0.1715583248
  21.0000000,  -0.0000275597,   0.0698086971,   0.0389579817,   0.1772255384,  -0.1664821800
  21.2500000,  -0.0000230881,   0.0680779271,   0.0411205073,   0.1805684365,  -0.1606504156
  21.5000000,  -0.0000192853,   0.0663891469,   0.0432534875,   0.1835621516,  -0.1541465874
  21.7500000,  -0.0000162390,   0.0647416047,   0.0453863442,   0.1861634355,  -0.1470945639
  22.0000000,  -0.0000137254,   0.0631341705,   0.0474986477,   0.1883918935,  -0.1394611654
  22.2500000,  -0.0000114705,   0.0615655279,   0.0495609995,   0.1902833049,  -0.1311835550
  22.5000000,  -0.0000095390,   0.0600350246,   0.0515912487,   0.1918061195,  -0.1223594152
  22.7500000,  -0.0000080608,   0.0585422506,   0.0536141518,   0.1929152659,  -0.1131150103
  23.0000000,  -0.0000068532,   0.0570859091,   0.0556100608,   0.1936400451,  -0.1034223115
  23.2500000,  -0.0000056985,   0.0556644863,   0.0575543693,   0.1940231209,  -0.0932342396
  23.5000000,  -0.0000047010,   0.0542776406,   0.0594639151,   0.1940289491,  -0.0826591247
  23.7500000,  -0.0000040018,   0.0529252747,   0.0613587865,   0.1936120713,  -0.0718223055
  24.0000000,  -0.0000034381,   0.0516059090,   0.0632208152,   0.1928116960,  -0.0606999455
  24.2500000,  -0.0000028299,   0.0503178783,   0.0650301650,   0.1916761179,  -0.0492591460
  24.5000000,  -0.0000023009,   0.0490611767,   0.0668019860,   0.1901658042,  -0.0376147384
  24.7500000,  -0.0000019882,   0.0478359798,   0.0685517906,   0.1882362244,  -0.0258875703
  25.0000000,  -0.0000017394,   0.0466406061,   0.0702635866,   0.1859364235,  -0.0140567458
  25.2500000,  -0.0000014035,   0.0454732808,   0.0719221903,   0.1833190077,  -0.0021013464
  25.5000000,  -0.0000011121,   0.0443343478,   0.0735403952,   0.1803405449,   0.0098619058
  25.7500000,  -0.0000009899,   0.0432242095,   0.0751293227,   0.1769586075,   0.0217202686
  26.0000000,  -0.0000008926,   0.0421409659,   0.0766758389,   0.1732317279,   0.0334930815
  26.2500000,  -0.0000006937,   0.0410827727,   0.0781692019,   0.1692154593,   0.0451919221
  26.5000000,  -0.0000005252,   0.0400503294,   0.0796191966,   0.1648626431,   0.0567030262
  26.7500000,  -0.0000004954,   0.0390442165,   0.0810328286,   0.1601339753,   0.0679252133
  27.0000000,  -0.0000004685,   0.0380623034,   0.0824004791,   0.1550968580,   0.0788776074
  27.2500000,  -0.0000003402,   0.0371027160,   0.0837155470,   0.1498084063,   0.0895653251
  27.5000000,  -0.0000002375,   0.0361665083,   0.0849841853,   0.1442179930,   0.0998824154
  27.7500000,  -0.0000002505,   0.0352543888,   0.0862096437,   0.1382902912,   0.1097423473
  28.0000000,  -0.0000002540,   0.0343639907,   0.0873864401,   0.1321006998,   0.1191651496
  28.2500000,  -0.0000001642,   0.0334934489,   0.0885117283,   0.1257065178,   0.1281524016
  28.5000000,  -0.0000000986,   0.0326441645,   0.0895874433,   0.1190539938,   0.1366106016
  28.7500000,  -0.0000001292,   0.0318169250,   0.0906135193,   0.1121124555,   0.1444703869
  29.0000000,  -0.0000001434,   0.0310091273,   0.0915891879,   0.1049641877,   0.1517534265
  29.2500000,  -0.0000000769,   0.0302189537,   0.0925148925,   0.0976653309,   0.1584605438
  29.5000000,  -0.0000000339,   0.0294481390,   0.0933878103,   0.0901594440,   0.1645148955
  29.7500000,  -0.0000000685,   0.0286975016,   0.0942050742,   0.0824210028,   0.1698660621
  30.0000000,  -0.0000000841,   0.0279642090,   0.0949711541,   0.0745378495,   0.1745375589
  30.2500000,  -0.0000000343,   0.0272465282,   0.0956892446,   0.0665636915,   0.1785319322
  30.5000000,  -0.0000000061,   0.0265465078,   0.0963512789,   0.0584399252,   0.1817926032
  30.7500000,  -0.0000000373,   0.0258649521,   0.0969521705,   0.0501464790,   0.1842889839
  31.0000000,  -0.0000000503,   0.0251988123,   0.0975020926,   0.0417752305,   0.1860460018
  31.2500000,  -0.0000000144,   0.0245464748,   0.0980063865,   0.0333762778,   0.1870699766
  31.5000000,   0.0000000034,   0.0239102770,   0.0984513161,   0.0248894800,   0.1873274609
  31.7500000,  -0.0000000202,   0.0232909670,   0.0988302162,   0.0163003311,   0.1868076010
  32.0000000,  -0.0000000292,   0.0226852990,   0.0991593637,   0.0077030525,   0.1855355913
  32.2500000,  -0.0000000065,   0.0220918111,   0.0994455842,  -0.0008569103,   0.1835230635
  32.5000000,   0.0000000037,   0.0215130990,   0.0996691114,  -0.0094405076,   0.1807617444
  32.7500000,  -0.0000000094,   0.0209498158,   0.0998223944,  -0.0180567612,   0.1772593798
  33.0000000,  -0.0000000144,   0.0203985449,   0.0999281447,  -0.0266109387,   0.1730395494
  33.2500000,  -0.0000000053,   0.0198580046,   0.0999939604,  -0.0350631255,   0.1681201884
  33.5000000,  -0.0000000004,   0.0193310124,   0.0999937517,  -0.0434742447,   0.1625193848
  33.7500000,  -0.0000000011,   0.0188180932,   0.0999198185,  -0.0518481081,   0.1562613125
  34.0000000,  -0.0000000028,   0.0183156911,   0.0998015674,  -0.0600914230,   0.1493653380
  34.2500000,  -0.0000000079,   0.0178227286,   0.0996466145,  -0.0681704842,   0.1418561627
  34.5000000,  -0.0000000065,   0.0173422042,   0.0994223225,  -0.0761452326,   0.1337785914
  34.7500000,   0.0000000067,   0.0168744859,   0.0991216148,  -0.0840147409,   0.1251700689
  35.0000000,   0.0000000069,   0.0164159161,   0.0987807820,  -0.0916891986,   0.1160424984
  35.2500000,  -0.0000000133,   0.0159656407,   0.0984066695,  -0.0991415543,   0.1064273494
  35.5000000,  -0.0000000134,   0.0155267924,   0.0979599368,  -0.1064296842,   0.0963957496
  35.7500000,   0.0000000149,   0.0150995606,   0.0974349312,  -0.1135485902,   0.0859943674
  36.0000000,   0.0000000153,   0.0146802289,   0.0968749485,  -0.1204140596,   0.0752238447
  36.2500000,  -0.0000000206,   0.0142681792,   0.0962852469,  -0.1270058683,   0.0641220780
  36.5000000,  -0.0000000202,   0.0138666275,   0.0956196898,  -0.1333786035,   0.0527855089
  36.7500000,   0.0000000239,   0.0134755697,   0.0948748732,  -0.1395240697,   0.0412652250
  37.0000000,   0.0000000228,   0.0130912786,   0.0941011553,  -0.1453658257,   0.0295463937
  37.2500000,  -0.0000000295,   0.0127133782,   0.0933013682,  -0.1508903393,   0.0176728161
  37.5000000,  -0.0000000267,   0.0123451117,   0.0924225432,  -0.1561475228,   0.0057648070
  37.7500000,   0.0000000340,   0.0119862744,   0.0914643676,  -0.1611270741,  -0.0061275306
  38.0000000,   0.0000000293,   0.0116331818,   0.0904842671,  -0.1657625523,  -0.0180389851
  38.2500000,  -0.0000000399,   0.0112856982,   0.0894817872,  -0.1700466284,  -0.0299203526
  38.5000000,  -0.0000000325,   0.0109470327,   0.0883971366,  -0.1740229639,  -0.0416290922
  38.7500000,   0.0000000454,   0.0106167820,   0.0872339555,  -0.1776804815,  -0.0531219239
  39.0000000,   0.0000000348,   0.0102913637,   0.0860567022,  -0.1809650363,  -0.0644581949
  39.2500000,  -0.0000000516,   0.0099708706,   0.0848607534,  -0.1838746068,  -0.0755835446
  39.5000000,  -0.0000000374,   0.0096584117,   0.0835795315,  -0.1864447937,  -0.0863347940
  39.7500000,   0.0000000579,   0.0093533970,   0.0822215150,  -0.1886653586,  -0.0966816082
  40.0000000,   0.0000000393,   0.0090524120,   0.0808581426,  -0.1904968499,  -0.1067124985
  40.2500000,  -0.0000000647,   0.0087557557,   0.0794797088,  -0.1919411789,  -0.1163676685
  40.5000000,  -0.0000000412,   0.0084663636,   0.0780128874,  -0.1930237737,  -0.1254645252
  40.7500000,   0.0000000717,   0.0081834842,   0.0764719174,  -0.1937372013,  -0.1339919752
  41.0000000,   0.0000000426,   0.0079039437,   0.0749351798,  -0.1940592749,  -0.1420722400
  41.2500000,  -0.0000000792,   0.0076282117,   0.0733869238,  -0.1939938814,  -0.1496389721
  41.5000000,  -0.0000000438,   0.0073589686,   0.0717470737,  -0.1935537516,  -0.1564906670
  41.7500000,   0.0000000867,   0.0070953412,   0.0700366157,  -0.1927366951,  -0.1626419192
  42.0000000,   0.0000000445,   0.0068344804,   0.0683408991,  -0.1915406718,  -0.1682531885
  42.2500000,  -0.0000000949,   0.0065769738,   0.0666370762,  -0.1899688409,  -0.1732492480
  42.5000000,  -0.0000000452,   0.0063251521,   0.0648382207,  -0.1880181103,  -0.1774090173
  42.7500000,   0.0000001031,   0.0060780807,   0.0629731684,  -0.1856946468,  -0.1807794969
  43.0000000,   0.0000000449,   0.0058333348,   0.0611344073,  -0.1830199937,  -0.1835641200
  43.2500000,  -0.0000001122,   0.0055915436,   0.0592907822,  -0.1799928588,  -0.1856747301
  43.5000000,  -0.0000000450,   0.0053545742,   0.0573482106,  -0.1765902669,  -0.1868682236
  43.7500000,   0.0000001208,   0.0051215193,   0.0553446945,  -0.1728309034,  -0.1872313847
  44.0000000,   0.0000000437,   0.0048905038,   0.0533803119,  -0.1687643443,  -0.1870161149
  44.2500000,  -0.0000001309,   0.0046620871,   0.0514140956,  -0.1643796001,  -0.1861147707
  44.5000000,  -0.0000000433,   0.0044375252,   0.0493441108,  -0.1596281893,  -0.1842570055
  44.7500000,   0.0000001398,   0.0042160712,   0.0472192463,  -0.1545472277,  -0.1815783210
  45.0000000,   0.0000000405,   0.0039965702,   0.0451481618,  -0.1492206852,  -0.1783865543
  45.2500000,  -0.0000001514,   0.0037793435,   0.0430780077,  -0.1436201158,  -0.1745440820
  45.5000000,  -0.0000000399,   0.0035648259,   0.0408975392,  -0.1376630526,  -0.1697434590
  45.7500000,   0.0000001601,   0.0033526408,   0.0386690572,  -0.1314141671,  -0.1641813932
  46.0000000,   0.0000000350,   0.0031426133,   0.0365118823,  -0.1250020434,  -0.1582338105
  46.2500000,  -0.0000001738,   0.0029345510,   0.0343580399,  -0.1183683176,  -0.1517156330
  46.5000000,  -0.0000000350,   0.0027277277,   0.0320839195,  -0.1113822082,  -0.1442636449
  46.7500000,   0.0000001812,   0.0025225015,   0.0297695104,  -0.1041517328,  -0.1361566191
  47.0000000,   0.0000000267,   0.0023201354,   0.0275493103,  -0.0968690377,  -0.1278622262
  47.2500000,  -0.0000001980,   0.0021194138,   0.0253342492,  -0.0894230304,  -0.1191156707
  47.5000000,  -0.0000000290,   0.0019177914,   0.0229813931,  -0.0816061263,  -0.1094589684
  47.7500000,   0.0000002014,   0.0017171036,   0.0205971697,  -0.0736020389,  -0.0992959971
  48.0000000,   0.0000000151,   0.0015210537,   0.0183424389,  -0.0657095030,  -0.0892427391
  48.2500000,  -0.0000002227,   0.0013262356,   0.0160931815,  -0.0577128176,  -0.0788817090
  48.5000000,  -0.0000000238,   0.0011266025,   0.0136676530,  -0.0492536475,  -0.0675574556
  48.7500000,   0.0000002152,   0.0009274872,   0.0112229176,  -0.0406802168,  -0.0559197240
  49.0000000,   0.0000000014,   0.0007382645,   0.0089845897,  -0.0325395499,  -0.0449259572
  49.2500000,  -0.0000002409,   0.0005491991,   0.0067437376,  -0.0243278009,  -0.0337499188
  49.5000000,  -0.0000000270,   0.0003427411,   0.0041832231,  -0.0151819464,  -0.0210469521
  49.7500000,   0.0000002033,   0.0001401120,   0.0016613594,  -0.0061633724,  -0.0084715037
