   1      538.67328
   2       84.65978
   3       24.16990
   4       12.96808
   5        9.04744
   6        7.23274
   7        6.24699
   8        5.65261
   9        5.26684
  10        5.00235
  11        4.81317
  12        4.67320
  13        4.56675
  14        4.48390
  15        4.41817
  16        4.36514
  17        4.32174
  18        4.28578
  19        4.25565
  20        4.23014
  21        4.20837
  22        4.18964
  23        4.17341
  24        4.15925
  25        4.14682
  26        4.13586
  27        4.12615
  28        4.11749
  29        4.10975
  30        4.10279
  31        4.09653
  32        4.09086
  33        4.08572
  34        4.08104
  35        4.07677
  36        4.07287
  37        4.06929
  38        4.06600
  39        4.06296
  40        4.06016
  41        4.05758
  42        4.05518
  43        4.05295
  44        4.05088
  45        4.04895
  46        4.04716
  47        4.04548
  48        4.04391
  49        4.04244
  50        4.04107
  51        4.03978
  52        4.03856
  53        4.03742
  54        4.03635
  55        4.03534
  56        4.03439
  57        4.03349
  58        4.03265
  59        4.03185
  60        4.03109
  61        4.03038
  62        4.02971
  63        4.02907
  64        4.02846
  65        4.02789
  66        4.02735
  67        4.02684
  68        4.02635
  69        4.02589
  70        4.02545
  71        4.02504
  72        4.02465
  73        4.02428
  74        4.02393
  75        4.02360
  76        4.02329
  77        4.02299
  78        4.02272
  79        4.02245
  80        4.02221
  81        4.02198
  82        4.02176
  83        4.02156
  84        4.02136
  85        4.02119
  86        4.02102
  87        4.02087
  88        4.02073
  89        4.02060
  90        4.02048
  91        4.02037
  92        4.02028
  93        4.02019
  94        4.02012
  95        4.02005
  96        4.02000
  97        4.01995
  98        4.01992
  99        4.01990
 100        4.01988
 101        4.01988
 102        4.01988
 103        4.01990
 104        4.01992
 105        4.01995
 106        4.02000
 107        4.02005
 108        4.02012
 109        4.02019
 110        4.02028
 111        4.02037
 112        4.02048
 113        4.02060
 114        4.02073
 115        4.02087
 116        4.02102
 117        4.02119
 118        4.02136
 119        4.02156
 120        4.02176
 121        4.02198
 122        4.02221
 123        4.02245
 124        4.02272
 125        4.02299
 126        4.02329
 127        4.02360
 128        4.02393
 129        4.02428
 130        4.02465
 131        4.02504
 132        4.02545
 133        4.02589
 134        4.02635
 135        4.02684
 136        4.02735
 137        4.02789
 138        4.02846
 139        4.02907
 140        4.02971
 141        4.03038
 142        4.03109
 143        4.03185
 144        4.03265
 145        4.03349
 146        4.03439
 147        4.03534
 148        4.03635
 149        4.03742
 150        4.03856
 151        4.03978
 152        4.04107
 153        4.04244
 154        4.04391
 155        4.04548
 156        4.04716
 157        4.04895
 158        4.05088
 159        4.05295
 160        4.05518
 161        4.05758
 162        4.06016
 163        4.06296
 164        4.06600
 165        4.06929
 166        4.07287
 167        4.07677
 168        4.08104
 169        4.08572
 170        4.09086
 171        4.09653
 172        4.10279
 173        4.10975
 174        4.11749
 175        4.12615
 176        4.13586
 177        4.14682
 178        4.15925
 179        4.17341
 180        4.18964
 181        4.20837
 182        4.23014
 183        4.25565
 184        4.28578
 185        4.32174
 186        4.36514
 187        4.41817
 188        4.48390
 189        4.56675
 190        4.67320
 191        4.81317
 192        5.00235
 193        5.26684
 194        5.65261
 195        6.24699
 196        7.23274
 197        9.04744
 198       12.96808
 199       24.16990
 200       84.65978
