   0.0000000000
   0.0000000000
   0.0000000000
   0.0000000000
   0.0000000000
   0.0000000000
   0.0000000000
   0.0000000000
   0.0000000000
   0.0000000000
   0.0000000000
   0.0000000000
   0.0000000000
   0.0000000000
   0.0000000000
   0.0000000000
   0.0000000000
   0.0000000000
   0.0000000000
   0.0000000000
   0.0000000000
   0.0000000000
   0.0000000008
   0.0000076567
   0.0013163947
   0.0185606470
   0.0576586740
   0.0662217744
   0.0238345291
  -0.0352022540
  -0.0815566345
  -0.1081131298
  -0.1189181187
  -0.1198665657
  -0.1154592952
  -0.1084999719
  -0.1005682042
  -0.0924978808
  -0.0847031863
  -0.0773723845
  -0.0705758548
  -0.0643242986
  -0.0585994547
  -0.0533700635
  -0.0486000345
  -0.0442525358
  -0.0402919667
  -0.0366848392
  -0.0334001053
  -0.0304092067
  -0.0276859916
  -0.0252065718
  -0.0229491575
  -0.0208938893
  -0.0190226751
  -0.0173190376
  -0.0157679721
  -0.0143558160
  -0.0130701298
  -0.0118995873
  -0.0108338768
  -0.0098636098
  -0.0089802384
  -0.0081759806
  -0.0074437510
  -0.0067770988
  -0.0061701511
  -0.0056175608
  -0.0051144597
  -0.0046564157
  -0.0042393935
  -0.0038597192
  -0.0035140480
  -0.0031993347
  -0.0029128066
  -0.0026519397
  -0.0024144356
  -0.0021982020
  -0.0020013340
  -0.0018220973
  -0.0016589128
  -0.0015103428
  -0.0013750786
  -0.0012519284
  -0.0011398074
  -0.0010377278
  -0.0009447903
  -0.0008601762
  -0.0007831400
  -0.0007130030
  -0.0006491475
  -0.0005910107
  -0.0005380806
  -0.0004898908
  -0.0004460169
  -0.0004060722
  -0.0003697049
  -0.0003365947
  -0.0003064497
  -0.0002790045
  -0.0002540172
  -0.0002312678
  -0.0002105558
  -0.0001916987
  -0.0001745304
  -0.0001588997
  -0.0001446689
  -0.0001317125
  -0.0001199165
  -0.0001091770
  -0.0000993992
  -0.0000904972
  -0.0000823924
  -0.0000750134
  -0.0000682953
  -0.0000621789
  -0.0000566102
  -0.0000515403
  -0.0000469244
  -0.0000427219
  -0.0000388958
  -0.0000354124
  -0.0000322409
  -0.0000293534
  -0.0000267246
  -0.0000243312
  -0.0000221521
  -0.0000201682
  -0.0000183619
  -0.0000167175
  -0.0000152203
  -0.0000138572
  -0.0000126161
  -0.0000114863
  -0.0000104576
  -0.0000095210
  -0.0000086683
  -0.0000078920
  -0.0000071852
  -0.0000065417
  -0.0000059558
  -0.0000054224
  -0.0000049368
  -0.0000044947
  -0.0000040921
  -0.0000037256
  -0.0000033920
  -0.0000030882
  -0.0000028116
  -0.0000025598
  -0.0000023306
  -0.0000021218
  -0.0000019318
  -0.0000017588
  -0.0000016013
  -0.0000014579
  -0.0000013273
  -0.0000012084
  -0.0000011002
  -0.0000010017
  -0.0000009119
  -0.0000008303
  -0.0000007559
  -0.0000006882
  -0.0000006265
  -0.0000005704
  -0.0000005193
  -0.0000004728
  -0.0000004305
  -0.0000003919
  -0.0000003568
  -0.0000003248
  -0.0000002957
  -0.0000002692
  -0.0000002451
  -0.0000002231
  -0.0000002031
  -0.0000001849
  -0.0000001683
  -0.0000001532
  -0.0000001394
  -0.0000001269
  -0.0000001155
  -0.0000001051
  -0.0000000956
  -0.0000000870
  -0.0000000791
  -0.0000000720
  -0.0000000654
  -0.0000000595
  -0.0000000541
  -0.0000000491
  -0.0000000446
  -0.0000000405
  -0.0000000367
  -0.0000000333
  -0.0000000301
  -0.0000000272
  -0.0000000246
  -0.0000000222
  -0.0000000199
  -0.0000000179
  -0.0000000160
  -0.0000000142
  -0.0000000126
  -0.0000000110
  -0.0000000096
  -0.0000000083
  -0.0000000070
  -0.0000000058
  -0.0000000046
  -0.0000000035
  -0.0000000024
  -0.0000000014
  -0.0000000003
