  -0.0000000000
  -0.0000000002
  -0.0000000690
  -0.0000050595
  -0.0001223711
  -0.0012643302
  -0.0068350871
  -0.0226061883
  -0.0515414409
  -0.0886985158
  -0.1234074293
  -0.1462171790
  -0.1534421796
  -0.1469157744
  -0.1312520240
  -0.1112789410
  -0.0906872204
  -0.0717304122
  -0.0554697617
  -0.0421697731
  -0.0316481785
  -0.0235215876
  -0.0173535616
  -0.0127319726
  -0.0093020354
  -0.0067745650
  -0.0049220149
  -0.0035695801
  -0.0025852135
  -0.0018703640
  -0.0013521229
  -0.0009768987
  -0.0007054868
  -0.0005093095
  -0.0003675901
  -0.0002652542
  -0.0001913803
  -0.0001380653
  -0.0000995946
  -0.0000718389
  -0.0000518159
  -0.0000373724
  -0.0000269542
  -0.0000194399
  -0.0000140202
  -0.0000101114
  -0.0000072922
  -0.0000052591
  -0.0000037928
  -0.0000027353
  -0.0000019726
  -0.0000014226
  -0.0000010260
  -0.0000007399
  -0.0000005336
  -0.0000003848
  -0.0000002775
  -0.0000002001
  -0.0000001443
  -0.0000001041
  -0.0000000751
  -0.0000000541
  -0.0000000390
  -0.0000000282
  -0.0000000203
  -0.0000000146
  -0.0000000106
  -0.0000000076
  -0.0000000055
  -0.0000000040
  -0.0000000029
  -0.0000000021
  -0.0000000015
  -0.0000000011
  -0.0000000008
  -0.0000000006
  -0.0000000004
  -0.0000000003
  -0.0000000002
  -0.0000000002
  -0.0000000001
  -0.0000000001
  -0.0000000001
  -0.0000000000
  -0.0000000000
  -0.0000000000
  -0.0000000000
  -0.0000000000
  -0.0000000000
  -0.0000000000
  -0.0000000000
  -0.0000000000
  -0.0000000000
  -0.0000000000
  -0.0000000000
  -0.0000000000
  -0.0000000000
  -0.0000000000
  -0.0000000000
  -0.0000000000
  -0.0000000000
  -0.0000000000
  -0.0000000000
  -0.0000000000
  -0.0000000000
  -0.0000000000
  -0.0000000000
  -0.0000000000
  -0.0000000000
  -0.0000000000
  -0.0000000000
  -0.0000000000
  -0.0000000000
  -0.0000000000
  -0.0000000000
  -0.0000000000
  -0.0000000000
  -0.0000000000
  -0.0000000000
  -0.0000000000
  -0.0000000000
  -0.0000000000
  -0.0000000000
  -0.0000000000
   0.0000000000
  -0.0000000000
   0.0000000000
  -0.0000000000
   0.0000000000
  -0.0000000000
   0.0000000000
   0.0000000000
  -0.0000000000
   0.0000000000
  -0.0000000000
  -0.0000000000
   0.0000000000
  -0.0000000000
   0.0000000000
   0.0000000000
   0.0000000000
   0.0000000000
  -0.0000000000
   0.0000000000
  -0.0000000000
  -0.0000000000
  -0.0000000000
  -0.0000000000
   0.0000000000
  -0.0000000000
   0.0000000000
  -0.0000000000
  -0.0000000000
   0.0000000000
  -0.0000000000
  -0.0000000000
  -0.0000000000
  -0.0000000000
  -0.0000000000
  -0.0000000000
  -0.0000000000
   0.0000000000
  -0.0000000000
  -0.0000000000
   0.0000000000
  -0.0000000000
  -0.0000000000
  -0.0000000000
   0.0000000000
   0.0000000000
  -0.0000000000
  -0.0000000000
  -0.0000000000
  -0.0000000000
   0.0000000000
   0.0000000000
   0.0000000000
   0.0000000000
   0.0000000000
   0.0000000000
  -0.0000000000
  -0.0000000000
  -0.0000000000
   0.0000000000
  -0.0000000000
   0.0000000000
  -0.0000000000
   0.0000000000
   0.0000000000
  -0.0000000000
   0.0000000000
  -0.0000000000
   0.0000000000
   0.0000000000
   0.0000000000
  -0.0000000000
  -0.0000000000
  -0.0000000000
   0.0000000000
   0.0000000000
  -0.0000000000
  -0.0000000000
   0.0000000000
   0.0000000000
  -0.0000000000
  -0.0000000000
   0.0000000000
  -0.0000000000
  -0.0000000000
  -0.0000000000
  -0.0000000000
   0.0000000000
   0.0000000000
   0.0000000000
   0.0000000000
