   0.0000000000
   0.0000000000
   0.0000000086
   0.0000006258
   0.0000148977
   0.0001506218
   0.0007905216
   0.0025102887
   0.0054085521
   0.0085910658
   0.0106355164
   0.0105408362
   0.0082098432
   0.0042630177
  -0.0004210748
  -0.0050691331
  -0.0091684958
  -0.0124675505
  -0.0149075408
  -0.0165449757
  -0.0174905892
  -0.0178699323
  -0.0178017794
  -0.0173885344
  -0.0167136735
  -0.0158427892
  -0.0148261456
  -0.0137016011
  -0.0124973427
  -0.0112342146
  -0.0099275929
  -0.0085888438
  -0.0072264297
  -0.0058467326
  -0.0044546594
  -0.0030540808
  -0.0016481469
  -0.0002395115
   0.0011695095
   0.0025768277
   0.0039805064
   0.0053787091
   0.0067696649
   0.0081516461
   0.0095229548
   0.0108819145
   0.0122268655
   0.0135561638
   0.0148681811
   0.0161613054
   0.0174339437
   0.0186845235
   0.0199114954
   0.0211133358
   0.0222885492
   0.0234356703
   0.0245532669
   0.0256399418
   0.0266943348
   0.0277151250
   0.0287010328
   0.0296508214
   0.0305632985
   0.0314373186
   0.0322717838
   0.0330656455
   0.0338179063
   0.0345276205
   0.0351938959
   0.0358158949
   0.0363928352
   0.0369239915
   0.0374086957
   0.0378463382
   0.0382363686
   0.0385782964
   0.0388716914
   0.0391161846
   0.0393114685
   0.0394572975
   0.0395534881
   0.0395999193
   0.0395965327
   0.0395433327
   0.0394403861
   0.0392878224
   0.0390858337
   0.0388346739
   0.0385346591
   0.0381861668
   0.0377896352
   0.0373455633
   0.0368545097
   0.0363170922
   0.0357339869
   0.0351059272
   0.0344337035
   0.0337181612
   0.0329602006
   0.0321607753
   0.0313208908
   0.0304416039
   0.0295240207
   0.0285692954
   0.0275786293
   0.0265532685
   0.0254945031
   0.0244036649
   0.0232821263
   0.0221312981
   0.0209526282
   0.0197475994
   0.0185177276
   0.0172645600
   0.0159896731
   0.0146946708
   0.0133811823
   0.0120508598
   0.0107053771
   0.0093464268
   0.0079757184
   0.0065949763
   0.0052059376
   0.0038103497
   0.0024099682
   0.0010065550
  -0.0003981245
  -0.0018023031
  -0.0032042145
  -0.0046020948
  -0.0059941856
  -0.0073787355
  -0.0087540028
  -0.0101182573
  -0.0114697828
  -0.0128068791
  -0.0141278639
  -0.0154310755
  -0.0167148745
  -0.0179776457
  -0.0192178005
  -0.0204337789
  -0.0216240510
  -0.0227871196
  -0.0239215213
  -0.0250258292
  -0.0260986539
  -0.0271386458
  -0.0281444967
  -0.0291149410
  -0.0300487580
  -0.0309447729
  -0.0318018584
  -0.0326189364
  -0.0333949790
  -0.0341290098
  -0.0348201054
  -0.0354673964
  -0.0360700686
  -0.0366273636
  -0.0371385805
  -0.0376030761
  -0.0380202661
  -0.0383896256
  -0.0387106900
  -0.0389830553
  -0.0392063789
  -0.0393803799
  -0.0395048394
  -0.0395796008
  -0.0396045700
  -0.0395797156
  -0.0395050690
  -0.0393807239
  -0.0392068369
  -0.0389836267
  -0.0387113741
  -0.0383904215
  -0.0380211729
  -0.0376040926
  -0.0371397054
  -0.0366285955
  -0.0360714059
  -0.0354688375
  -0.0348216484
  -0.0341306528
  -0.0333967199
  -0.0326207731
  -0.0318037886
  -0.0309467940
  -0.0300508676
  -0.0291171365
  -0.0281467752
  -0.0271410045
  -0.0261010898
  -0.0250283392
  -0.0239241024
  -0.0227897684
  -0.0216267643
  -0.0204365531
  -0.0192206323
  -0.0179805314
  -0.0167178105
  -0.0154340582
  -0.0141308895
  -0.0128099437
  -0.0114728827
  -0.0101213885
  -0.0087571613
  -0.0073819175
  -0.0059973869
  -0.0046053115
  -0.0032074425
  -0.0018055385
  -0.0004013630
