   0.0000000000
   0.0000000000
   0.0000000000
   0.0000000000
   0.0000000000
   0.0000000000
   0.0000000000
   0.0000000000
   0.0000000000
   0.0000000000
  -0.0000000000
  -0.0000000000
  -0.0000000000
  -0.0000000000
  -0.0000000000
  -0.0000000000
  -0.0000000000
  -0.0000000000
  -0.0000000000
  -0.0000000000
  -0.0000000000
  -0.0000000000
  -0.0000000001
  -0.0000010130
  -0.0001739776
  -0.0024480778
  -0.0075739348
  -0.0086131433
  -0.0029359915
   0.0048425233
   0.0108111049
   0.0140284703
   0.0150371052
   0.0146216931
   0.0133796894
   0.0116832598
   0.0097435968
   0.0076750735
   0.0055385568
   0.0033668255
   0.0011784698
  -0.0010148361
  -0.0032046556
  -0.0053839934
  -0.0075464549
  -0.0096858777
  -0.0117961900
  -0.0138713719
  -0.0159054611
  -0.0178925748
  -0.0198269366
  -0.0217029017
  -0.0235149815
  -0.0252578645
  -0.0269264360
  -0.0285157951
  -0.0300212716
  -0.0314384400
  -0.0327631333
  -0.0339914564
  -0.0351197966
  -0.0361448356
  -0.0370635585
  -0.0378732631
  -0.0385715679
  -0.0391564189
  -0.0396260958
  -0.0399792172
  -0.0402147444
  -0.0403319846
  -0.0403305931
  -0.0402105738
  -0.0399722798
  -0.0396164121
  -0.0391440174
  -0.0385564851
  -0.0378555434
  -0.0370432542
  -0.0361220065
  -0.0350945102
  -0.0339637875
  -0.0327331643
  -0.0314062603
  -0.0299869785
  -0.0284794936
  -0.0268882395
  -0.0252178969
  -0.0234733788
  -0.0216598164
  -0.0197825443
  -0.0178470842
  -0.0158591289
  -0.0138245259
  -0.0117492596
  -0.0096394343
  -0.0075012557
  -0.0053410131
  -0.0031650605
  -0.0009797982
   0.0012083460
   0.0033929360
   0.0055675461
   0.0077257799
   0.0098612893
   0.0119677928
   0.0140390944
   0.0160691017
   0.0180518436
   0.0199814882
   0.0218523595
   0.0236589547
   0.0253959599
   0.0270582658
   0.0286409830
   0.0301394561
   0.0315492776
   0.0328663005
   0.0340866511
   0.0352067398
   0.0362232720
   0.0371332577
   0.0379340203
   0.0386232044
   0.0391987829
   0.0396590628
   0.0400026902
   0.0402286544
   0.0403362907
   0.0403252826
   0.0401956623
   0.0399478113
   0.0395824584
   0.0391006784
   0.0385038884
   0.0377938436
   0.0369726327
   0.0360426712
   0.0350066944
   0.0338677495
   0.0326291865
   0.0312946487
   0.0298680613
   0.0283536205
   0.0267557809
   0.0250792423
   0.0233289360
   0.0215100105
   0.0196278157
   0.0176878880
   0.0156959335
   0.0136578112
   0.0115795161
   0.0094671612
   0.0073269598
   0.0051652069
   0.0029882613
   0.0008025260
  -0.0013855699
  -0.0035695902
  -0.0057431111
  -0.0078997392
  -0.0100331312
  -0.0121370119
  -0.0142051930
  -0.0162315912
  -0.0182102460
  -0.0201353376
  -0.0220012035
  -0.0238023554
  -0.0255334954
  -0.0271895317
  -0.0287655931
  -0.0302570440
  -0.0316594973
  -0.0329688279
  -0.0341811845
  -0.0352930013
  -0.0363010078
  -0.0372022391
  -0.0379940444
  -0.0386740948
  -0.0392403897
  -0.0396912637
  -0.0400253906
  -0.0402417874
  -0.0403398177
  -0.0403191932
  -0.0401799745
  -0.0399225711
  -0.0395477402
  -0.0390565842
  -0.0384505479
  -0.0377314138
  -0.0369012972
  -0.0359626398
  -0.0349182024
  -0.0337710573
  -0.0325245786
  -0.0311824326
  -0.0297485672
  -0.0282271998
  -0.0266228055
  -0.0249401033
  -0.0231840427
  -0.0213597890
  -0.0194727080
  -0.0175283503
  -0.0155324350
  -0.0134908328
  -0.0114095490
  -0.0092947053
  -0.0071525223
  -0.0049893010
  -0.0028114043
  -0.0006252382
