   0.0000008298
   0.0000050364
   0.0000094887
   0.0000143927
   0.0000199647
   0.0000264392
   0.0000340774
   0.0000431749
   0.0000540709
   0.0000671562
   0.0000828835
   0.0001017775
   0.0001244454
   0.0001515896
   0.0001840197
   0.0002226668
   0.0002685975
   0.0003230292
   0.0003873461
   0.0004631156
   0.0005521040
   0.0006562940
   0.0007778998
   0.0009193825
   0.0010834638
   0.0012731375
   0.0014916791
   0.0017426509
   0.0020299039
   0.0023575746
   0.0027300752
   0.0031520780
   0.0036284908
   0.0041644246
   0.0047651507
   0.0054360483
   0.0061825395
   0.0070100136
   0.0079237384
   0.0089287592
   0.0100297849
   0.0112310627
   0.0125362407
   0.0139482205
   0.0154690013
   0.0170995165
   0.0188394668
   0.0206871513
   0.0226393010
   0.0246909177
   0.0268351231
   0.0290630229
   0.0313635893
   0.0337235696
   0.0361274223
   0.0385572899
   0.0409930093
   0.0434121675
   0.0457902043
   0.0481005665
   0.0503149155
   0.0524033904
   0.0543349263
   0.0560776262
   0.0575991862
   0.0588673675
   0.0598505121
   0.0605180941
   0.0608412980
   0.0607936151
   0.0603514468
   0.0594947018
   0.0582073752
   0.0564780958
   0.0543006269
   0.0516743077
   0.0486044222
   0.0451024813
   0.0411864092
   0.0368806219
   0.0322159920
   0.0272296915
   0.0219649130
   0.0164704649
   0.0108002462
   0.0050126038
  -0.0008304172
  -0.0066639210
  -0.0124210916
  -0.0180341896
  -0.0234355978
  -0.0285588953
  -0.0333399382
  -0.0377179248
  -0.0416364241
  -0.0450443440
  -0.0478968193
  -0.0501560001
  -0.0517917217
  -0.0527820430
  -0.0531136395
  -0.0527820430
  -0.0517917217
  -0.0501560001
  -0.0478968193
  -0.0450443440
  -0.0416364241
  -0.0377179248
  -0.0333399382
  -0.0285588953
  -0.0234355978
  -0.0180341896
  -0.0124210916
  -0.0066639210
  -0.0008304172
   0.0050126038
   0.0108002462
   0.0164704649
   0.0219649130
   0.0272296915
   0.0322159920
   0.0368806219
   0.0411864092
   0.0451024813
   0.0486044222
   0.0516743077
   0.0543006269
   0.0564780958
   0.0582073752
   0.0594947018
   0.0603514468
   0.0607936151
   0.0608412980
   0.0605180941
   0.0598505121
   0.0588673675
   0.0575991862
   0.0560776262
   0.0543349263
   0.0524033904
   0.0503149155
   0.0481005665
   0.0457902043
   0.0434121675
   0.0409930093
   0.0385572899
   0.0361274223
   0.0337235696
   0.0313635893
   0.0290630229
   0.0268351231
   0.0246909177
   0.0226393010
   0.0206871513
   0.0188394668
   0.0170995165
   0.0154690013
   0.0139482205
   0.0125362407
   0.0112310627
   0.0100297849
   0.0089287592
   0.0079237384
   0.0070100136
   0.0061825395
   0.0054360483
   0.0047651507
   0.0041644246
   0.0036284908
   0.0031520780
   0.0027300752
   0.0023575746
   0.0020299039
   0.0017426509
   0.0014916791
   0.0012731375
   0.0010834638
   0.0009193825
   0.0007778998
   0.0006562940
   0.0005521040
   0.0004631156
   0.0003873461
   0.0003230292
   0.0002685975
   0.0002226668
   0.0001840197
   0.0001515896
   0.0001244454
   0.0001017775
   0.0000828835
   0.0000671562
   0.0000540709
   0.0000431749
   0.0000340774
   0.0000264392
   0.0000199647
   0.0000143927
   0.0000094887
   0.0000050364
   0.0000008298
