   0.0000000000
   0.9339559706
   1.8679119413
   2.8018679119
   3.7358238826
   4.6697798532
   5.6037358239
   6.5376917945
   7.4716477652
   8.4056037358
   9.3395597065
  10.2735156771
  11.2074716478
  12.1414276184
  13.0753835891
  14.0093395597
  14.9432955304
  15.8772515010
  16.8112074716
  17.7451634423
  18.6791194129
  19.6130753836
  20.5470313542
  21.4809873249
  22.4149432955
  23.3488992662
  24.2828552368
  25.2168112075
  26.1507671781
  27.0847231488
  28.0186791194
  28.9526350901
  29.8865910607
  30.8205470314
  31.7545030020
  32.6884589726
  33.6224149433
  34.5563709139
  35.4903268846
  36.4242828552
  37.3582388259
  38.2921947965
  39.2261507672
  40.1601067378
  41.0940627085
  42.0280186791
  42.9619746498
  43.8959306204
  44.8298865911
  45.7638425617
  46.6977985324
  47.6317545030
  48.5657104736
  49.4996664443
  50.4336224149
  51.3675783856
  52.3015343562
  53.2354903269
  54.1694462975
  55.1034022682
  56.0373582388
  56.9713142095
  57.9052701801
  58.8392261508
  59.7731821214
  60.7071380921
  61.6410940627
  62.5750500334
  63.5090060040
  64.4429619746
  65.3769179453
  66.3108739159
  67.2448298866
  68.1787858572
  69.1127418279
  70.0466977985
  70.9806537692
  71.9146097398
  72.8485657105
  73.7825216811
  74.7164776518
  75.6504336224
  76.5843895931
  77.5183455637
  78.4523015344
  79.3862575050
  80.3202134757
  81.2541694463
  82.1881254169
  83.1220813876
  84.0560373582
  84.9899933289
  85.9239492995
  86.8579052702
  87.7918612408
  88.7258172115
  89.6597731821
  90.5937291528
  91.5276851234
  92.4616410941
  93.3955970647
  94.3295530354
  95.2635090060
  96.1974649767
  97.1314209473
  98.0653769179
  98.9993328886
  99.9332888592
 100.8672448299
 101.8012008005
 102.7351567712
 103.6691127418
 104.6030687125
 105.5370246831
 106.4709806538
 107.4049366244
 108.3388925951
 109.2728485657
 110.2068045364
 111.1407605070
 112.0747164777
 113.0086724483
 113.9426284189
 114.8765843896
 115.8105403602
 116.7444963309
 117.6784523015
 118.6124082722
 119.5463642428
 120.4803202135
 121.4142761841
 122.3482321548
 123.2821881254
 124.2161440961
 125.1501000667
 126.0840560374
 127.0180120080
 127.9519679787
 128.8859239493
 129.8198799199
 130.7538358906
 131.6877918612
 132.6217478319
 133.5557038025
 134.4896597732
 135.4236157438
 136.3575717145
 137.2915276851
 138.2254836558
 139.1594396264
 140.0933955971
 141.0273515677
 141.9613075384
 142.8952635090
 143.8292194797
 144.7631754503
 145.6971314209
 146.6310873916
 147.5650433622
 148.4989993329
 149.4329553035
 150.3669112742
 151.3008672448
 152.2348232155
 153.1687791861
 154.1027351568
 155.0366911274
 155.9706470981
 156.9046030687
 157.8385590394
 158.7725150100
 159.7064709807
 160.6404269513
 161.5743829219
 162.5083388926
 163.4422948632
 164.3762508339
 165.3102068045
 166.2441627752
 167.1781187458
 168.1120747165
 169.0460306871
 169.9799866578
 170.9139426284
 171.8478985991
 172.7818545697
 173.7158105404
 174.6497665110
 175.5837224817
 176.5176784523
 177.4516344229
 178.3855903936
 179.3195463642
 180.2535023349
 181.1874583055
 182.1214142762
 183.0553702468
 183.9893262175
 184.9232821881
 185.8572381588
 186.7911941294
 187.7251501001
 188.6591060707
 189.5930620414
 190.5270180120
 191.4609739827
 192.3949299533
 193.3288859239
 194.2628418946
 195.1967978652
 196.1307538359
 197.0647098065
 197.9986657772
 198.9326217478
 199.8665777185
