  x        ,A_vet_1        ,A_vet_2        ,A_vet_3        ,A_vet_4        ,A_vet_5
  0.0000,   0.0000000005,  -0.0000051213,  -0.0006236059,  -0.0011890553,  -0.0017186084
  0.4000,   0.0000000006,   0.0000011898,   0.0001448543,   0.0002762275,   0.0003993091
  0.8000,   0.0000004966,  -0.0000003357,  -0.0000747400,  -0.0001423458,  -0.0002060121
  1.2000,   0.0000309975,   0.0000175808,   0.0000474253,   0.0001019288,   0.0001335914
  1.6000,   0.0007581068,   0.0004146141,  -0.0001184712,   0.0000515741,  -0.0002582393
  2.0000,   0.0088286260,   0.0047604768,  -0.0008843968,   0.0014954989,  -0.0016528166
  2.4000,   0.0573616968,   0.0303341510,  -0.0058527970,   0.0091030764,  -0.0111251275
  2.8000,   0.2354997579,   0.1214385281,  -0.0232979352,   0.0366277110,  -0.0441411845
  3.2000,   0.6738087056,   0.3361820912,  -0.0645089836,   0.1011265556,  -0.1221220234
  3.6000,   1.4511822995,   0.6931646541,  -0.1328104776,   0.2082105679,  -0.2509510023
  4.0000,   2.4995871033,   1.1263425482,  -0.2154967333,   0.3374278213,  -0.4062610773
  4.4000,   3.6114446485,   1.5032001730,  -0.2869450103,   0.4488047943,  -0.5391690508
  4.8000,   4.5440960021,   1.6928025967,  -0.3221210023,   0.5028322223,  -0.6023912053
  5.2000,   5.1283783661,   1.6255355101,  -0.3077617072,   0.4790600191,  -0.5712102448
  5.6000,   5.3132109500,   1.3088515608,  -0.2455973080,   0.3802522743,  -0.4496556959
  6.0000,   5.1464346235,   0.8056809221,  -0.1479300405,   0.2261044713,  -0.2617500401
  6.4000,   4.7278600952,   0.2005017662,  -0.0312412971,   0.0425521381,  -0.0393902622
  6.8000,   4.1661722400,  -0.4278460096,   0.0892048125,  -0.1461957207,   0.1880820655
  7.2000,   3.5529019659,  -1.0202454055,   0.2019350498,  -0.3221523356,   0.3986475508
  7.6000,   2.9528282611,  -1.5403631225,   0.2999571986,  -0.4742235622,   0.5789798870
  8.0000,   2.4048609405,  -1.9714158930,   0.3800197409,  -0.5973856871,   0.7229065413
  8.4000,   1.9276000100,  -2.3106719751,   0.4416319554,  -0.6908168340,   0.8295869858
  8.8000,   1.5257964712,  -2.5640881492,   0.4859406688,  -0.7564088972,   0.9012813834
  9.2000,   1.1958902471,  -2.7420932650,   0.5149876263,  -0.7973381386,   0.9419871317
  9.6000,   0.9300694176,  -2.8567017598,   0.5310839437,  -0.8173144118,   0.9561848941
 10.0000,   0.7189322041,  -2.9197561403,   0.5365328443,  -0.8199308420,   0.9483625835
 10.4000,   0.5530632370,  -2.9419948593,   0.5333940844,  -0.8084907161,   0.9225205481
 10.8000,   0.4238585640,  -2.9326600689,   0.5234615868,  -0.7857921043,   0.8821765755
 11.2000,   0.3238743264,  -2.8994291089,   0.5082031238,  -0.7542017921,   0.8302132426
 11.6000,   0.2468975943,  -2.8485181443,   0.4888261689,  -0.7156041542,   0.7690444974
 12.0000,   0.1878704964,  -2.7848644813,   0.4662722017,  -0.6715380143,   0.7005716489
 12.4000,   0.1427486817,  -2.7123303940,   0.4412956815,  -0.6231860017,   0.6263686766
 12.8000,   0.1083406554,  -2.6338998681,   0.4144659548,  -0.5715048425,   0.5476557603
 13.2000,   0.0821527480,  -2.5518530294,   0.3862355018,  -0.5172137532,   0.4654588575
 13.6000,   0.0622510873,  -2.4679146428,   0.3569364497,  -0.4609012125,   0.3805754051
 14.0000,   0.0471445249,  -2.3833757592,   0.3268345429,  -0.4030039302,   0.2937024709
 14.4000,   0.0356883409,  -2.2991920768,   0.2961192545,  -0.3438912361,   0.2053924394
 14.8000,   0.0270067692,  -2.2160614665,   0.2649459171,  -0.2838362678,   0.1161553034
 15.2000,   0.0204315730,  -2.1344851089,   0.2334214346,  -0.2230832508,   0.0264079836
 15.6000,   0.0154539286,  -2.0548146003,   0.2016378155,  -0.1618142896,  -0.0634423330
 16.0000,   0.0116870127,  -1.9772886562,   0.1696555593,  -0.1002044742,  -0.1530514338
 16.4000,   0.0088371288,  -1.9020609406,   0.1375312082,  -0.0383870168,  -0.2420681560
 16.8000,   0.0066815000,  -1.8292216623,   0.1052998819,   0.0235001711,  -0.3301875318
 17.2000,   0.0050512814,  -1.7588137146,   0.0729986757,   0.0853492374,  -0.4170903838
 17.6000,   0.0038185750,  -1.6908452292,   0.0406492379,   0.1470418687,  -0.5024948226
 18.0000,   0.0028865519,  -1.6252988017,   0.0082782230,   0.2084829642,  -0.5861027581
 18.4000,   0.0021819266,  -1.5621387347,  -0.0240996016,   0.2695645443,  -0.6676489776
 18.8000,   0.0016492540,  -1.5013162346,  -0.0564630634,   0.3301978687,  -0.7468528494
 19.2000,   0.0012465914,  -1.4427735700,  -0.0888007189,   0.3902807055,  -0.8234646934
 19.6000,   0.0009422207,  -1.3864469448,  -0.1210942085,   0.4497277273,  -0.8972215259
 20.0000,   0.0007121545,  -1.3322688773,  -0.1533335512,   0.5084404267,  -0.9678907041
 20.4000,   0.0005382587,  -1.2801697425,  -0.1855018034,   0.5663357922,  -1.0352289245
 20.8000,   0.0004068209,  -1.2300791296,  -0.2175895150,   0.6233183792,  -1.0990232655
 21.2000,   0.0003074773,  -1.1819266277,  -0.2495804549,   0.6793073513,  -1.1590528776
 21.6000,   0.0002323910,  -1.1356425986,  -0.2814652704,   0.7342103576,  -1.2151276106
 22.0000,   0.0001756406,  -1.0911585354,  -0.3132281096,   0.7879490632,  -1.2670519824
 22.4000,   0.0001327478,  -1.0484075016,  -0.3448595433,   0.8404345707,  -1.3146615954
 22.8000,   0.0001003299,  -1.0073242512,  -0.3763439569,   0.8915915760,  -1.3577890647
 23.2000,   0.0000758281,  -0.9678454791,  -0.4076718001,   0.9413351322,  -1.3962984279
 23.6000,   0.0000573102,  -0.9299098089,  -0.4388276494,   0.9895935633,  -1.4300527752
 24.0000,   0.0000433141,  -0.8934579372,  -0.4698018502,   1.0362864063,  -1.4589468450
 24.4000,   0.0000327365,  -0.8584325511,  -0.5005791682,   1.0813462096,  -1.4828761437
 24.8000,   0.0000247416,  -0.8247784123,  -0.5311498860,   1.1246975171,  -1.5017679008
 25.2000,   0.0000186995,  -0.7924422397,  -0.5614989767,   1.1662776645,  -1.5155515000
 25.6000,   0.0000141326,  -0.7613727600,  -0.5916167091,   1.2060166913,  -1.5241879512
 26.0000,   0.0000106814,  -0.7315205738,  -0.6214882876,   1.2438572368,  -1.5276414779
 26.4000,   0.0000080727,  -0.7028381891,  -0.6511040165,   1.2797352806,  -1.5259076477
 26.8000,   0.0000061014,  -0.6752798816,  -0.6804493560,   1.3135992307,  -1.5189859823
 27.2000,   0.0000046111,  -0.6488017191,  -0.7095146917,   1.3453914034,  -1.5069068723
 27.6000,   0.0000034852,  -0.6233614221,  -0.7382857628,   1.3750663869,  -1.4897050931
 28.0000,   0.0000026339,  -0.5989183840,  -0.7667530775,   1.4025731831,  -1.4674456189
 28.4000,   0.0000019908,  -0.5754335350,  -0.7949026751,   1.4278729194,  -1.4401979396
 28.8000,   0.0000015045,  -0.5528693612,  -0.8227252232,   1.4509215828,  -1.4080608792
 29.2000,   0.0000011372,  -0.5311897727,  -0.8502070803,   1.4716871466,  -1.3711376215
 29.6000,   0.0000008593,  -0.5103601233,  -0.8773391072,   1.4901328346,  -1.3295596289
 30.0000,   0.0000006496,  -0.4903470838,  -0.9041079982,   1.5062337217,  -1.2834622957
 30.4000,   0.0000004908,  -0.4711186627,  -0.9305048380,   1.5199604709,  -1.2330080543
 30.8000,   0.0000003711,  -0.4526440846,  -0.9565166725,   1.5312954631,  -1.1783625859
 31.2000,   0.0000002803,  -0.4348938126,  -0.9821348380,   1.5402169552,  -1.1197171949
 31.6000,   0.0000002120,  -0.4178394323,  -1.0073467467,   1.5467147876,  -1.0572655129
 32.0000,   0.0000001601,  -0.4014536749,  -1.0321440124,   1.5507749170,  -0.9912252192
 32.4000,   0.0000001211,  -0.3857103072,  -1.0565144272,   1.5523947463,  -0.9218151805
 32.8000,   0.0000000914,  -0.3705841557,  -1.0804499067,   1.5515679889,  -0.8492765900
 33.2000,   0.0000000692,  -0.3560510013,  -1.1039386355,   1.5482996635,  -0.7738504926
 33.6000,   0.0000000522,  -0.3420876059,  -1.1269728538,   1.5425912484,  -0.6957984108
 34.0000,   0.0000000396,  -0.3286716102,  -1.1495411513,   1.5344553806,  -0.6153802109
 34.4000,   0.0000000298,  -0.3157815628,  -1.1716361140,   1.5239012633,  -0.5328742814
 34.8000,   0.0000000226,  -0.3033968217,  -1.1932467480,   1.5109491051,  -0.4485556989
 35.2000,   0.0000000170,  -0.2914975851,  -1.2143660059,   1.4956157458,  -0.3627160224
 35.6000,   0.0000000130,  -0.2800647965,  -1.2349833213,   1.4779288697,  -0.2756417232
 36.0000,   0.0000000097,  -0.2690801769,  -1.2550920322,   1.4579128171,  -0.1876336547
 36.4000,   0.0000000074,  -0.2585261334,  -1.2746820105,   1.4356026047,  -0.0989857130
 36.8000,   0.0000000055,  -0.2483857927,  -1.2937469980,   1.4110298904,  -0.0100040425
 37.2000,   0.0000000043,  -0.2386429133,  -1.3122773144,   1.3842368323,   0.0790141051
 37.6000,   0.0000000031,  -0.2292819196,  -1.3302671228,   1.3552621778,   0.1677613717
 38.0000,   0.0000000025,  -0.2202878171,  -1.3477072003,   1.3241549901,   0.2559412633
 38.4000,   0.0000000017,  -0.2116462285,  -1.3645921474,   1.2909608333,   0.3432493028
 38.8000,   0.0000000014,  -0.2033433105,  -1.3809132073,   1.2557353959,   0.4293938568
 39.2000,   0.0000000010,  -0.1953657916,  -1.3966654336,   1.2185307431,   0.5140773851
 39.6000,   0.0000000009,  -0.1877008912,  -1.4118405433,   1.1794088662,   0.5970171507
 40.0000,   0.0000000005,  -0.1803363589,  -1.4264340579,   1.1384279759,   0.6779265131
 40.4000,   0.0000000005,  -0.1732603950,  -1.4404381757,   1.0956560042,   0.7565355469
 40.8000,   0.0000000003,  -0.1664616913,  -1.4538488996,   1.0511569124,   0.8325723258
 41.2000,   0.0000000003,  -0.1599293536,  -1.4666589155,   1.0050041736,   0.9057834767
 41.6000,   0.0000000001,  -0.1536529437,  -1.4788647213,   0.9572670690,   0.9759154031
 42.0000,   0.0000000002,  -0.1476224032,  -1.4904594961,   0.9080241784,   1.0427348001
 42.4000,   0.0000000000,  -0.1418280968,  -1.5014402446,   0.8573496383,   1.1060097670
 42.8000,   0.0000000001,  -0.1362607375,  -1.5118006438,   0.8053266687,   1.1655303115
 43.2000,  -0.0000000000,  -0.1309114314,  -1.5215382172,   0.7520337664,   1.2210892999
 43.6000,   0.0000000001,  -0.1257716034,  -1.5306471436,   0.6975582957,   1.2725029801
 44.0000,  -0.0000000000,  -0.1208330438,  -1.5391254755,   0.6419825912,   1.3195917201
 44.4000,   0.0000000001,  -0.1160878347,  -1.5469678965,   0.5853976402,   1.3622005805
 44.8000,  -0.0000000000,  -0.1115283980,  -1.5541729984,   0.5278890675,   1.4001797915
 45.2000,   0.0000000001,  -0.1071474224,  -1.5607359714,   0.4695509396,   1.4334054082
 45.6000,  -0.0000000001,  -0.1029379127,  -1.5666559559,   0.4104716030,   1.4617594771
 46.0000,   0.0000000001,  -0.0988931175,  -1.5719286495,   0.3507476410,   1.4851508102
 46.4000,  -0.0000000001,  -0.0950065797,  -1.5765537497,   0.2904695354,   1.5034947913
 46.8000,   0.0000000001,  -0.0912720645,  -1.5805274616,   0.2297358083,   1.5167343084
 47.2000,  -0.0000000001,  -0.0876836115,  -1.5838500474,   0.1686384765,   1.5248191492
 47.6000,   0.0000000001,  -0.0842354626,  -1.5865182185,   0.1072774117,   1.5277271359
 48.0000,  -0.0000000001,  -0.0809221162,  -1.5885328092,   0.0457455548,   1.5254430582
 48.4000,   0.0000000001,  -0.0777382539,  -1.5898910348,  -0.0158564700,   1.5179800581
 48.8000,  -0.0000000001,  -0.0746787973,  -1.5905943081,  -0.0774354152,   1.5053580480
 49.2000,   0.0000000001,  -0.0717388340,  -1.5906403448,  -0.1388905046,   1.4876253983
 49.6000,  -0.0000000001,  -0.0689136763,  -1.5900311426,  -0.2001288052,   1.4648367857
 50.0000,   0.0000000001,  -0.0661987864,  -1.5887649122,  -0.2610499889,   1.4370752417
 50.4000,  -0.0000000001,  -0.0635898369,  -1.5868442419,  -0.3215620570,   1.4044293741
 50.8000,   0.0000000001,  -0.0610826358,  -1.5842678315,  -0.3815657261,   1.3670158408
 51.2000,  -0.0000000001,  -0.0586731885,  -1.5810388648,  -0.4409705472,   1.3249558838
 51.6000,   0.0000000001,  -0.0563576215,  -1.5771565232,  -0.4996788695,   1.2783982993
 52.0000,  -0.0000000001,  -0.0541322477,  -1.5726245910,  -0.5576024015,   1.2274952199
 52.4000,   0.0000000001,  -0.0519934874,  -1.5674427219,  -0.6146457009,   1.1724256599
 52.8000,  -0.0000000001,  -0.0499379371,  -1.5616153052,  -0.6707232294,   1.1133704755
 53.2000,   0.0000000001,  -0.0479622883,  -1.5551424563,  -0.7257423131,   1.0505365727
 53.6000,  -0.0000000001,  -0.0460633990,  -1.5480291741,  -0.7796207480,   0.9841309697
 54.0000,   0.0000000001,  -0.0442382107,  -1.5402760232,  -0.8322691684,   0.9143857641
 54.4000,  -0.0000000001,  -0.0424838230,  -1.5318886164,  -0.8836092672,   0.8415312141
 54.8000,   0.0000000001,  -0.0407974080,  -1.5228679537,  -0.9335555032,   0.7658215729
 55.2000,  -0.0000000001,  -0.0391762878,  -1.5132202663,  -0.9820340072,   0.6875070951
 55.6000,   0.0000000001,  -0.0376178472,  -1.5029469730,  -1.0289635518,   0.6068608582
 56.0000,  -0.0000000001,  -0.0361196139,  -1.4920549287,  -1.0742752217,   0.5241495918
 56.4000,   0.0000000001,  -0.0346791684,  -1.4805459528,  -1.1178925616,   0.4396616189
 56.8000,  -0.0000000001,  -0.0332942282,  -1.4684275292,  -1.1597520997,   0.3536763903
 57.2000,   0.0000000001,  -0.0319625540,  -1.4557018572,  -1.1997825766,   0.2664936975
 57.6000,  -0.0000000001,  -0.0306820387,  -1.4423770560,  -1.2379264232,   0.1784017771
 58.0000,   0.0000000001,  -0.0294506086,  -1.4284556816,  -1.2741179626,   0.0897079655
 58.4000,  -0.0000000001,  -0.0282663184,  -1.4139464957,  -1.3083059560,   0.0007052206
 58.8000,   0.0000000001,  -0.0271272471,  -1.3988523849,  -1.3404306544,  -0.0882955912
 59.2000,  -0.0000000001,  -0.0260315985,  -1.3831827625,  -1.3704475432,  -0.1770009316
 59.6000,   0.0000000001,  -0.0249775921,  -1.3669408157,  -1.3983031025,  -0.2651004536
 60.0000,  -0.0000000001,  -0.0239635693,  -1.3501366205,  -1.4239599014,  -0.3523042016
 60.4000,   0.0000000001,  -0.0229878785,  -1.3327736312,  -1.4473709029,  -0.4383063755
 60.8000,  -0.0000000001,  -0.0220489884,  -1.3148626002,  -1.4685060829,  -0.5228247328
 61.2000,   0.0000000001,  -0.0211453655,  -1.2964072108,  -1.4873250910,  -0.6055619682
 61.6000,  -0.0000000001,  -0.0202755958,  -1.2774189085,  -1.5038055970,  -0.6862475979
 62.0000,   0.0000000001,  -0.0194382545,  -1.2579015624,  -1.5179140874,  -0.7645966225
 62.4000,  -0.0000000001,  -0.0186320360,  -1.2378673326,  -1.5296361767,  -0.8403542256
 62.8000,   0.0000000001,  -0.0178556144,  -1.2173202241,  -1.5389452815,  -0.9132513331
 63.2000,  -0.0000000001,  -0.0171077844,  -1.1962731383,  -1.5458351778,  -0.9830525195
 63.6000,   0.0000000001,  -0.0163873109,  -1.1747301587,  -1.5502862447,  -1.0495080086
 64.0000,  -0.0000000001,  -0.0156930809,  -1.1527049619,  -1.5523006034,  -1.1124052598
 64.4000,   0.0000000001,  -0.0150239418,  -1.1302016433,  -1.5518655638,  -1.1715168684
 64.8000,  -0.0000000001,  -0.0143788663,  -1.1072346977,  -1.5489917463,  -1.2266564025
 65.2000,   0.0000000001,  -0.0137567769,  -1.0838081535,  -1.5436732906,  -1.2776215541
 65.6000,  -0.0000000001,  -0.0131567254,  -1.0599373787,  -1.5359294457,  -1.3242549195
 66.0000,   0.0000000001,  -0.0125777020,  -1.0356262417,  -1.5257610042,  -1.3663816155
 66.4000,  -0.0000000001,  -0.0120188323,  -1.0108910537,  -1.5131959557,  -1.4038758550
 66.8000,   0.0000000001,  -0.0114791671,  -0.9857354107,  -1.4982414858,  -1.4365920650
 67.2000,  -0.0000000002,  -0.0109579007,  -0.9601766580,  -1.4809344286,  -1.4644383135
 67.6000,   0.0000000002,  -0.0104541378,  -0.9342179823,  -1.4612880085,  -1.4872997352
 68.0000,  -0.0000000002,  -0.0099671369,  -0.9078778809,  -1.4393480134,  -1.5051201348
 68.4000,   0.0000000002,  -0.0094960503,  -0.8811589611,  -1.4151332446,  -1.5178162179
 68.8000,  -0.0000000002,  -0.0090401968,  -0.8540810274,  -1.3886985783,  -1.5253690565
 69.2000,   0.0000000002,  -0.0085987695,  -0.8266458935,  -1.3600678002,  -1.5277272074
 69.6000,  -0.0000000002,  -0.0081711449,  -0.7988748771,  -1.3293050627,  -1.5249102141
 70.0000,   0.0000000002,  -0.0077565499,  -0.7707687224,  -1.2964383831,  -1.5168981226
 70.4000,  -0.0000000002,  -0.0073544164,  -0.7423505385,  -1.2615414719,  -1.5037498755
 70.8000,   0.0000000002,  -0.0069639981,  -0.7136196371,  -1.2246456165,  -1.4854759290
 71.2000,  -0.0000000002,  -0.0065847815,  -0.6846013010,  -1.1858345255,  -1.4621753624
 71.6000,   0.0000000002,  -0.0062160391,  -0.6552929188,  -1.1451415118,  -1.4338871362
 72.0000,  -0.0000000003,  -0.0058573123,  -0.6257224840,  -1.1026609774,  -1.4007511592
 72.4000,   0.0000000002,  -0.0055078831,  -0.5958847803,  -1.0584266129,  -1.3628319946
 72.8000,  -0.0000000003,  -0.0051673507,  -0.5658112861,  -1.0125446260,  -1.3203112678
 73.2000,   0.0000000001,  -0.0048349951,  -0.5354931986,  -0.9650468288,  -1.2732749642
 73.6000,  -0.0000000004,  -0.0045104792,  -0.5049666365,  -0.9160530383,  -1.2219479194
 74.0000,   0.0000000000,  -0.0041930655,  -0.4742177372,  -0.8655899634,  -1.1664315742
 74.4000,  -0.0000000004,  -0.0038824924,  -0.4432890555,  -0.8137940232,  -1.1069968150
 74.8000,  -0.0000000001,  -0.0035779827,  -0.4121593457,  -0.7606819464,  -1.0437518208
 75.2000,  -0.0000000006,  -0.0032793710,  -0.3808805417,  -0.7064119065,  -0.9770191429
 75.6000,  -0.0000000004,  -0.0029858056,  -0.3494201114,  -0.6509827333,  -0.9069002502
 76.0000,  -0.0000000007,  -0.0026972564,  -0.3178445360,  -0.5945837263,  -0.8337807549
 76.4000,  -0.0000000010,  -0.0024127365,  -0.2861028730,  -0.5371817324,  -0.7577327508
 76.8000,  -0.0000000010,  -0.0021324299,  -0.2542861256,  -0.4790156907,  -0.6792292435
 77.2000,  -0.0000000021,  -0.0018550921,  -0.2223103703,  -0.4199921589,  -0.5982694585
 77.6000,  -0.0000000014,  -0.0015812987,  -0.1903131827,  -0.3604412423,  -0.5154711553
 78.0000,  -0.0000000042,  -0.0013092566,  -0.1581423454,  -0.3001413251,  -0.4306597506
 78.4000,  -0.0000000019,  -0.0010404248,  -0.1260424527,  -0.2396284156,  -0.3447607675
 78.8000,  -0.0000000081,  -0.0007715246,  -0.0936789043,  -0.1783345937,  -0.2571074631
 79.2000,  -0.0000000023,  -0.0005069366,  -0.0616523501,  -0.1174761516,  -0.1696159409
 79.6000,  -0.0000000158,  -0.0002360893,  -0.0287381260,  -0.0547887355,  -0.0791723000
