  x        ,A_vet_1        ,A_vet_2        ,A_vet_3        ,A_vet_4        ,A_vet_5
  0.0000,   0.0000000022,  -0.0000000012,   0.0000003150,  -0.0000006246,  -0.0000009276
  0.8040,  -0.0000091811,   0.0000059943,   0.0000200926,  -0.0000413488,  -0.0000593395
  1.6080,   0.0000212377,  -0.0000137273,  -0.0000224900,   0.0000480257,   0.0000666035
  2.4121,  -0.0000378296,   0.0000241842,   0.0000224120,  -0.0000504669,  -0.0000666444
  3.2161,   0.0000616151,  -0.0000388916,  -0.0000215199,   0.0000523464,   0.0000643964
  4.0201,  -0.0000974235,   0.0000605615,   0.0000199619,  -0.0000546296,  -0.0000603664
  4.8241,   0.0001547390,  -0.0000943738,  -0.0000174119,   0.0000579513,   0.0000537282
  5.6281,  -0.0002509234,   0.0001492960,   0.0000131307,  -0.0000630604,  -0.0000425371
  6.4322,   0.0007003737,  -0.0003953162,   0.0000041580,   0.0000896356,  -0.0000020216
  7.2362,   0.0396620509,  -0.0211498504,   0.0013779158,   0.0024965918,  -0.0035109658
  8.0402,   0.6505159567,  -0.3292113754,   0.0211180450,   0.0394148410,  -0.0536632002
  8.8442,   2.9280000748,  -1.3526214704,   0.0866647174,   0.1614130207,  -0.2200757363
  9.6482,   5.9742862911,  -2.3320611472,   0.1487939535,   0.2771061913,  -0.3772392424
 10.4523,   7.4813961260,  -2.0530779037,   0.1297893923,   0.2412537840,  -0.3278267362
 11.2563,   6.9298582413,  -0.6000750466,   0.0356810968,   0.0657776183,  -0.0878594679
 12.0603,   5.3292064970,   1.1599251050,  -0.0770513246,  -0.1443822254,   0.1983770786
 12.8643,   3.6534114473,   2.5959996298,  -0.1677384517,  -0.3128127599,   0.4272797994
 13.6683,   2.3332022941,   3.5208063303,  -0.2241773961,  -0.4173209023,   0.5677604101
 14.4724,   1.4261851760,   3.9970262567,  -0.2506006823,  -0.4652507111,   0.6307205211
 15.2764,   0.8485877446,   4.1562146947,  -0.2553616538,  -0.4727697436,   0.6374203406
 16.0804,   0.4964982164,   4.1174742853,  -0.2462883041,  -0.4539026122,   0.6078902648
 16.8844,   0.2875855181,   3.9658715262,  -0.2286988048,  -0.4191636621,   0.5556503087
 17.6884,   0.1654533634,   3.7564718547,  -0.2062851274,  -0.3748593445,   0.4902173729
 18.4925,   0.0948869495,   3.5221617876,  -0.1810112104,  -0.3252633053,   0.4166082875
 19.2965,   0.0542121689,   3.2822379545,  -0.1542870184,  -0.2724354706,   0.3385788486
 20.1005,   0.0310025122,   3.0470044501,  -0.1266476383,  -0.2179996480,   0.2575592752
 20.9045,   0.0176358787,   2.8221667114,  -0.0986532278,  -0.1624437775,   0.1751902829
 21.7085,   0.0101051057,   2.6100779208,  -0.0703492073,  -0.1064883781,   0.0916980291
 22.5126,   0.0057080607,   2.4119055498,  -0.0420200002,  -0.0501190871,   0.0080560117
 23.3166,   0.0033041212,   2.2274631313,  -0.0135604950,   0.0062203087,  -0.0758650249
 24.1206,   0.0018303774,   2.0565407653,   0.0148272638,   0.0626876358,  -0.1592814000
 24.9246,   0.0010950968,   1.8982360225,   0.0432895560,   0.1189168699,  -0.2424125400
 25.7286,   0.0005712547,   1.7519981198,   0.0716473332,   0.1750998209,  -0.3245252209
 26.5327,   0.0003780808,   1.6167942222,   0.1000553399,   0.2308909646,  -0.4058555502
 27.3367,   0.0001626595,   1.4920557181,   0.1283409794,   0.2864858251,  -0.4856870996
 28.1407,   0.0001453120,   1.3767960494,   0.1566584762,   0.3415453313,  -0.5642566343
 28.9447,   0.0000302216,   1.2705195303,   0.1848378641,   0.3962616891,  -0.6408607844
 29.7487,   0.0000695965,   1.1723308536,   0.2130306704,   0.4503002457,  -0.7157363299
 30.5528,  -0.0000125191,   1.0818244022,   0.2410691554,   0.5038489535,  -0.7881963734
 31.3568,   0.0000447623,   0.9982000582,   0.2691017094,   0.5565783646,  -0.8584803196
 32.1608,  -0.0000260843,   0.9211373263,   0.2969631593,   0.6086725037,  -0.9259221326
 32.9648,   0.0000363708,   0.8499234642,   0.3247986607,   0.6598083008,  -0.9907666301
 33.7688,  -0.0000301221,   0.7843125420,   0.3524460099,   0.7101662568,  -1.0523726271
 34.5729,   0.0000332576,   0.7236689161,   0.3800470445,   0.7594307233,  -1.1109927375
 35.3769,  -0.0000310160,   0.6678101714,   0.4074428679,   0.8077789585,  -1.1660140628
 36.1809,   0.0000318076,   0.6161678421,   0.4347718830,   0.8549036130,  -1.2176989812
 36.9849,  -0.0000308438,   0.5686129429,   0.4618787737,   0.9009788798,  -1.2654658392
 37.7889,   0.0000308539,   0.5246353658,   0.4888983684,   0.9457064648,  -1.3095883971
 38.5930,  -0.0000302849,   0.4841507412,   0.5156791619,   0.9892576100,  -1.3495187996
 39.3970,   0.0000300227,   0.4466996978,   0.5423522591,   1.0313437530,  -1.3855434992
 40.2010,  -0.0000295640,   0.4122348925,   0.5687701685,   1.0721332638,  -1.4171506245
 41.0050,   0.0000291965,   0.3803411757,   0.5950601226,   1.1113479312,  -1.4446403346
 41.8090,  -0.0000287574,   0.3510017320,   0.6210788282,   1.1491533115,  -1.4675385739
 42.6131,   0.0000283405,   0.3238400882,   0.6469495014,   1.1852821187,  -1.4861599263
 43.4171,  -0.0000278932,   0.2988644000,   0.6725332189,   1.2198971384,  -1.5000696302
 44.2211,   0.0000274461,   0.2757321604,   0.6979490418,   1.2527425446,  -1.5095971078
 45.0251,  -0.0000269827,   0.2544717475,   0.7230625788,   1.2839783809,  -1.5143480126
 45.8291,   0.0000265130,   0.2347706238,   0.7479886046,   1.3133607779,  -1.5146667058
 46.6332,  -0.0000260319,   0.2166733300,   0.7725974128,   1.3410470520,  -1.5102000156
 47.4372,   0.0000255430,   0.1998939104,   0.7969993670,   1.3668057500,  -1.5013070244
 48.2412,  -0.0000250448,   0.1844895963,   0.8210695910,   1.3907914604,  -1.4876761320
 49.0452,   0.0000245387,   0.1701981438,   0.8449139195,   1.4127855677,  -1.4696806022
 49.8492,  -0.0000240244,   0.1570865039,   0.8684124443,   1.4329399155,  -1.4470504418
 50.6533,   0.0000235025,   0.1449137146,   0.8916663598,   1.4510491090,  -1.4201722367
 51.4573,  -0.0000229732,   0.1337539039,   0.9145608564,   1.4672622125,  -1.3888172794
 52.2613,   0.0000224367,   0.1233853362,   0.9371923833,   1.4813873955,  -1.3533843036
 53.0653,  -0.0000218935,   0.1138871379,   0.9594513538,   1.4935708898,  -1.3136852187
 53.8693,   0.0000213436,   0.1050550620,   0.9814293726,   1.5036347336,  -1.2701294274
 54.6734,  -0.0000207874,   0.0969713672,   1.0030221931,   1.5117222536,  -1.2225684518
 55.4774,   0.0000202251,   0.0894478266,   1.0243164828,   1.5176696203,  -1.1714205943
 56.2814,  -0.0000196570,   0.0825682309,   1.0452134460,   1.5216171625,  -1.1165756661
 57.0854,   0.0000190832,   0.0761591335,   1.0657947257,   1.5234154063,  -1.0584588264
 57.8894,  -0.0000185041,   0.0703044850,   1.0859670818,   1.5232015690,  -0.9969965533
 58.6935,   0.0000179198,   0.0648445726,   1.1058070512,   1.5208407146,  -0.9326185684
 59.4975,  -0.0000173304,   0.0598623296,   1.1252270470,   1.5164668147,  -0.8652861182
 60.3015,   0.0000167364,   0.0552108945,   1.1442984250,   1.5099596123,  -0.7954309644
 61.1055,  -0.0000161378,   0.0509711734,   1.1629393427,   1.5014496780,  -0.7230469739
 61.9095,   0.0000155349,   0.0470084110,   1.1812159049,   1.4908315334,  -0.6485652268
 62.7136,  -0.0000149279,   0.0434006201,   1.1990520986,   1.4782321725,  -0.5720098421
 63.5176,   0.0000143169,   0.0400245238,   1.2165087136,   1.4635609544,  -0.4938083272
 64.3216,  -0.0000137022,   0.0369544985,   1.2335156444,   1.4469410997,  -0.4140124951
 65.1256,   0.0000130840,   0.0340782154,   1.2501283081,   1.4282968234,  -0.3330432526
 65.9296,  -0.0000124625,   0.0314657780,   1.2662825783,   1.4077473559,  -0.2509773936
 66.7337,   0.0000118379,   0.0290153574,   1.2820284469,   1.3852317466,  -0.1682260945
 67.5377,  -0.0000112103,   0.0267922397,   1.2973078321,   1.3608649996,  -0.0848882962
 68.3417,   0.0000105800,   0.0247047168,   1.3121652537,   1.3346009371,  -0.0013622480
 69.1457,  -0.0000099471,   0.0228127913,   1.3265487330,   1.3065500820,   0.0822338792
 69.9497,   0.0000093119,   0.0210345543,   1.3404972772,   1.2766809292,   0.1655179887
 70.7538,  -0.0000086745,   0.0194243283,   1.3539650626,   1.2450992481,   0.2483556440
 71.5578,   0.0000080351,   0.0179097292,   1.3669855487,   1.2117880685,   0.3303841185
 72.3618,  -0.0000073939,   0.0165390621,   1.3795191119,   1.1768481170,   0.4114556825
 73.1658,   0.0000067512,   0.0152492331,   1.3915936352,   1.1402767841,   0.4912301508
 73.9698,  -0.0000061070,   0.0140822452,   1.4031757337,   1.1021694491,   0.5695494455
 74.7739,   0.0000054617,   0.0129840914,   1.4142876899,   1.0625376531,   0.6460990101
 75.5779,  -0.0000048153,   0.0119902335,   1.4249023900,   1.0214711096,   0.7207132978
 76.3819,   0.0000041681,   0.0110555749,   1.4350364987,   0.9789952667,   0.7931063484
 77.1859,  -0.0000035201,   0.0102088372,   1.4446691979,   0.9351938412,   0.8631079240
 77.9899,   0.0000028718,   0.0094136786,   1.4538115228,   0.8901059120,   0.9304634730
 78.7940,  -0.0000022231,   0.0086919166,   1.4624489698,   0.8438088572,   0.9950007084
 79.5980,   0.0000015745,   0.0080158250,   1.4705869385,   0.7963550793,   1.0564991105
 80.4020,  -0.0000009257,   0.0074001857,   1.4782172512,   0.7478152670,   1.1147868169
 81.2060,   0.0000002775,   0.0068257615,   1.4853396721,   0.6982548108,   1.1696797424
 82.0101,   0.0000003705,   0.0063001947,   1.4919523543,   0.6477373515,   1.2210087238
 82.8141,  -0.0000010177,   0.0058126206,   1.4980494322,   0.5963409040,   1.2686282635
 83.6181,   0.0000016641,   0.0053634629,   1.5036353877,   0.5441216981,   1.3123739462
 84.4221,  -0.0000023094,   0.0049501196,   1.5086987370,   0.4911699850,   1.3521407385
 85.2261,   0.0000029536,   0.0045657404,   1.5132502823,   0.4375342166,   1.3877707706
 86.0302,  -0.0000035963,   0.0042158801,   1.5172729392,   0.3833164688,   1.4192010507
 86.8342,   0.0000042375,   0.0038863796,   1.5207838140,   0.3285570479,   1.4462817795
 87.6382,  -0.0000048768,   0.0035908477,   1.5237602453,   0.2733694218,   1.4689932655
 88.4422,   0.0000055143,   0.0033078004,   1.5262256211,   0.2177853844,   1.4871950144
 89.2462,  -0.0000061494,   0.0030587985,   1.5281517322,   0.1619293445,   1.5009115583
 90.0503,   0.0000067824,   0.0028150343,   1.5295682191,   0.1058242198,   1.5100126380
 90.8543,  -0.0000074127,   0.0026059182,   1.5304413595,   0.0496048921,   1.5145675858
 91.6583,   0.0000080404,   0.0023953367,   1.5308070105,  -0.0067149555,   1.5144569925
 92.4623,  -0.0000086651,   0.0022204447,   1.5306259779,  -0.0629904505,   1.5097952115
 93.2663,   0.0000092868,   0.0020378560,   1.5299402918,  -0.1192174945,   1.5004739777
 94.0704,  -0.0000099050,   0.0018923627,   1.5287053331,  -0.1752417185,   1.4866525269
 94.8744,   0.0000105200,   0.0017333531,   1.5269692553,  -0.2310689499,   1.4682337091
 95.6784,  -0.0000111311,   0.0016131448,   1.5246820669,  -0.2865358267,   1.4454211445
 96.4824,   0.0000117385,   0.0014739615,   1.5218979876,  -0.3416584304,   1.4181284482
 97.2864,  -0.0000123417,   0.0013755300,   1.5185617125,  -0.3962649175,   1.3866027713
 98.0905,   0.0000129408,   0.0012529835,   1.5147334641,  -0.4503819372,   1.3507678297
 98.8945,  -0.0000135353,   0.0011733361,   1.5103526880,  -0.5038296810,   1.3109131046
 99.6985,   0.0000141253,   0.0010647165,   1.5054855391,  -0.5566456629,   1.2669714438
100.5025,  -0.0000147103,   0.0010012986,   1.5000662842,  -0.6086426283,   1.2192731233
101.3065,   0.0000152905,   0.0009043054,   1.4941669328,  -0.6598692342,   1.1677588637
102.1106,  -0.0000158652,   0.0008549356,   1.4877166490,  -0.7101313000,   1.1127978818
102.9146,   0.0000164347,   0.0007676166,   1.4807932130,  -0.7594888824,   1.0543372401
103.7186,  -0.0000169984,   0.0007304305,   1.4733207684,  -0.8077413929,   0.9927829429
104.5226,   0.0000175564,   0.0006511309,   1.4653827746,  -0.8549605218,   0.9280866131
105.3266,  -0.0000181083,   0.0006245337,   1.4568984427,  -0.9009397876,   0.8606886134
106.1307,   0.0000186540,   0.0005518523,   1.4479568133,  -0.9457627221,   0.7905431206
106.9347,  -0.0000191931,   0.0005344784,   1.4384722595,  -0.9892174602,   0.7181221765
107.7387,   0.0000197257,   0.0004672301,   1.4285392974,  -1.0313995555,   0.6433803071
108.5427,  -0.0000202512,   0.0004579086,   1.4180675625,  -1.0720922617,   0.5668183341
109.3467,   0.0000207698,   0.0003950930,   1.4071569343,  -1.1114033058,   0.4883887614
110.1508,  -0.0000212808,   0.0003928186,   1.3957124169,  -1.1491115527,   0.4086181008
110.9548,   0.0000217845,   0.0003335930,   1.3838391337,  -1.1853370227,   0.3274543288
111.7588,  -0.0000222802,   0.0003375003,   1.3714375705,  -1.2198546745,   0.2454464023
112.5628,   0.0000227680,   0.0002811567,   1.3586179677,  -1.2527969082,   0.1625351659
113.3668,  -0.0000232474,   0.0002904997,   1.3452764118,  -1.2839352469,   0.0792886543
114.1709,   0.0000237184,   0.0002364456,   1.3315281258,  -1.3134145224,  -0.0043620862
114.9749,  -0.0000241804,   0.0002505788,   1.3172649234,  -1.3410032789,  -0.0878333952
115.7789,   0.0000246336,   0.0001983205,   1.3026068681,  -1.3668587952,  -0.1712067169
116.5829,  -0.0000250772,   0.0002166838,   1.2874416334,  -1.3907470797,  -0.2538862660
117.3869,   0.0000255114,   0.0001658123,   1.2718939732,  -1.4128378347,  -0.3359686552
118.1910,  -0.0000259354,   0.0001879175,   1.2558475617,  -1.4328949613,  -0.4168494877
118.9950,   0.0000263494,   0.0001380969,   1.2394316844,  -1.4511005217,  -0.4966431704
119.7990,  -0.0000267527,   0.0001635164,   1.2225261641,  -1.4672167224,  -0.5747401843
120.6030,   0.0000271452,   0.0001144738,   1.2052646506,  -1.4814378806,  -0.6512752649
121.4070,  -0.0000275263,   0.0001428307,   1.1875232720,  -1.4935249059,  -0.7256372011
122.2111,   0.0000278960,   0.0000943479,   1.1694398653,  -1.5036842213,  -0.7979834614
123.0151,  -0.0000282535,   0.0001253076,   1.1508870299,  -1.5116758224,  -0.8677044799
123.8191,   0.0000285987,   0.0000772138,   1.1320066023,  -1.5177180435,  -0.9349826959
124.6231,  -0.0000289308,   0.0001104769,   1.1126678290,  -1.5215703354,  -0.9992134003
125.4271,   0.0000292498,   0.0000626435,   1.0930163473,  -1.5234627012,  -1.0606060368
126.2312,  -0.0000295547,   0.0000979391,   1.0729182381,  -1.5231544029,  -1.1185638121
127.0352,   0.0000298453,   0.0000502742,   1.0525227273,  -1.5208868200,  -1.1733249678
127.8392,  -0.0000301207,   0.0000873543,   1.0316929309,  -1.5164193723,  -1.2243035061
128.6432,   0.0000303807,   0.0000397999,   1.0105814367,  -1.5100044692,  -1.2717679857
129.4472,  -0.0000306241,   0.0000784342,   0.9890486116,  -1.5014020281,  -1.3151458837
130.2513,   0.0000308506,   0.0000309627,   0.9672501609,  -1.4908750842,  -1.3547372877
131.0553,  -0.0000310589,   0.0000709341,   0.9450439364,  -1.4781843910,  -1.3899856126
131.8593,   0.0000312486,   0.0000235468,   0.9225884963,  -1.4636031421,  -1.4212233456
132.6633,  -0.0000314181,   0.0000646467,   0.8997394333,  -1.4468932703,  -1.4479120759
133.4673,   0.0000315669,   0.0000173729,   0.8766578684,  -1.4283375904,  -1.4704171879
134.2714,  -0.0000316933,   0.0000593967,   0.8531974190,  -1.4076995719,  -1.4882204532
135.0754,   0.0000317963,   0.0000122931,   0.8295214472,  -1.3852710333,  -1.5017202428
135.8794,  -0.0000318738,   0.0000550356,   0.8054819135,  -1.3608173654,  -1.5104202977
136.6834,   0.0000319247,   0.0000081881,   0.7812440594,  -1.3346386786,  -1.5147516194
137.4874,  -0.0000319466,   0.0000514381,   0.7566585527,  -1.3065027157,  -1.5142415054
138.2915,   0.0000319375,   0.0000049640,   0.7318920991,  -1.2767170522,  -1.5093527408
139.0955,  -0.0000318947,   0.0000484984,   0.7067944988,  -1.2450522862,  -1.4996376041
139.8995,   0.0000318153,   0.0000025504,   0.6815334353,  -1.2118224857,  -1.4855892695
140.7035,  -0.0000316962,   0.0000461266,   0.6559583492,  -1.1768017206,  -1.4667863225
141.5075,   0.0000315331,   0.0000008992,   0.6302373169,  -1.1403093862,  -1.4437503043
142.3116,  -0.0000313224,   0.0000442454,   0.6042200439,  -1.1021238136,  -1.4160874346
143.1156,   0.0000310570,  -0.0000000150,   0.5780742747,  -1.0625682953,  -1.3843448540
143.9196,  -0.0000307343,   0.0000427869,   0.5516507737,  -1.0214264815,  -1.3481579061
144.7236,   0.0000303408,  -0.0000001942,   0.5251160204,  -0.9790237472,  -1.3080956296
145.5276,  -0.0000298790,   0.0000416883,   0.4983228873,  -0.9351505456,  -1.2638244063
146.3317,   0.0000293188,   0.0000003863,   0.4714353384,  -0.8901319346,  -1.2159302252
147.1357,  -0.0000286826,   0.0000408860,   0.4443098044,  -0.8437673475,  -1.1641132857
147.9397,   0.0000278941,   0.0000017838,   0.4171059703,  -0.7963781850,  -1.1089697811
148.7437,  -0.0000270425,   0.0000403080,   0.3896859378,  -0.7477762197,  -1.0502381590
149.5477,   0.0000259154,   0.0000040980,   0.3622024782,  -0.6982742438,  -0.9885152378
150.3518,  -0.0000248173,   0.0000398596,   0.3345266431,  -0.6477018587,  -0.9235852946
151.1558,   0.0000231269,   0.0000074898,   0.3068000629,  -0.5963553243,  -0.8560312669
151.9598,  -0.0000218257,   0.0000393996,   0.2789082418,  -0.5440917064,  -0.7856971271
152.7638,   0.0000190492,   0.0000122155,   0.2509742515,  -0.4911767766,  -0.7131278273
153.5678,  -0.0000178866,   0.0000386942,   0.2229082736,  -0.4375136610,  -0.6382545558
154.3719,   0.0000126689,   0.0000186943,   0.1948001492,  -0.3833097870,  -0.5615386555
155.1759,  -0.0000130149,   0.0000373205,   0.1666066261,  -0.3285554122,  -0.4830601654
155.9799,   0.0000015708,   0.0000276596,   0.1383497778,  -0.2733332079,  -0.4030925860
156.7839,  -0.0000081245,   0.0000344283,   0.1100912666,  -0.2178327835,  -0.3220335876
157.5879,  -0.0000206690,   0.0000405735,   0.0816767013,  -0.1618001513,  -0.2396461412
158.3920,  -0.0000070310,   0.0000279263,   0.0535069733,  -0.1060831664,  -0.1573323670
159.1960,  -0.0000740916,   0.0000617619,   0.0245940135,  -0.0487950254,  -0.0724065039
160.0000,   0.0000000022,  -0.0000000012,   0.0000003150,  -0.0000006246,  -0.0000009276
